"Status","Start Time","Stop Time","Duration in ms","Parent Suite","Suite","Sub Suite","Test Class","Test Method","Name","Description"
"passed","Sat Aug 05 16:04:44 GMT 2023","Sat Aug 05 16:04:51 GMT 2023","7270","tests","test_network_parameters","TestChainId","","","test_chainId[Test for Polkadex]",""
"passed","Sat Aug 05 16:04:35 GMT 2023","Sat Aug 05 16:04:46 GMT 2023","11235","tests","test_network_parameters","TestNetworkPrefix","","","test_address_prefix[Test for Integritee Parachain]",""
"passed","Sat Aug 05 16:04:37 GMT 2023","Sat Aug 05 16:04:37 GMT 2023","284","tests","test_nodes_availability","","","","test_can_create_connection[Test for Acala, url: wss://acala-rpc-3.aca-api.network/ws]",""
"passed","Sat Aug 05 16:04:35 GMT 2023","Sat Aug 05 16:04:35 GMT 2023","84","tests","test_nodes_availability","","","","test_can_create_connection[Test for Kusama, url: wss://rpc-kusama.luckyfriday.io]",""
"passed","Sat Aug 05 16:05:28 GMT 2023","Sat Aug 05 16:05:30 GMT 2023","2639","tests","test_network_parameters","TestNetworkPrefix","","","test_address_prefix[Test for Kusama Bridge Hub]",""
"passed","Sat Aug 05 16:04:41 GMT 2023","Sat Aug 05 16:04:41 GMT 2023","572","tests","test_nodes_availability","","","","test_can_create_connection[Test for OriginTrail Parachain, url: wss://parachain-rpc.origin-trail.network]",""
"passed","Sat Aug 05 16:04:57 GMT 2023","Sat Aug 05 16:05:06 GMT 2023","8285","tests","test_network_parameters","TestChainId","","","test_chainId[Test for Hashed Network]",""
"passed","Sat Aug 05 16:04:40 GMT 2023","Sat Aug 05 16:04:40 GMT 2023","306","tests","test_nodes_availability","","","","test_can_create_connection[Test for Efinity, url: wss://rpc.efinity.io]",""
"passed","Sat Aug 05 16:04:39 GMT 2023","Sat Aug 05 16:04:40 GMT 2023","461","tests","test_nodes_availability","","","","test_can_create_connection[Test for Interlay, url: wss://api.interlay.io/parachain]",""
"passed","Sat Aug 05 16:04:16 GMT 2023","Sat Aug 05 16:04:17 GMT 2023","697","tests","test_eth_nodes_availability","TestETHNodesAvailability","","","test_rpc_node_work_fast[Test for Ethereum, url: https://eth-rpc.gateway.pokt.network/]",""
"passed","Sat Aug 05 16:05:09 GMT 2023","Sat Aug 05 16:05:17 GMT 2023","8806","tests","test_network_parameters","TestPrecision","","","test_precision[Test for Vara]",""
"passed","Sat Aug 05 16:04:39 GMT 2023","Sat Aug 05 16:04:40 GMT 2023","1004","tests","test_nodes_availability","","","","test_can_create_connection[Test for Crust Shadow, url: wss://rpc2-shadow.crust.network/]",""
"passed","Sat Aug 05 16:04:41 GMT 2023","Sat Aug 05 16:04:48 GMT 2023","6650","tests","test_check_new_assets","TestAssets","","","test_has_new_assets[Test for Efinity]",""
"passed","Sat Aug 05 16:20:06 GMT 2023","Sat Aug 05 16:20:06 GMT 2023","106","","io.novafoundation.nova.balances.BalancesIntegrationTest","","io.novafoundation.nova.balances.BalancesIntegrationTest","testBalancesLoading[Getting balance for UNIQUE network]","testBalancesLoading[Getting balance for UNIQUE network]",""
"passed","Sat Aug 05 16:04:36 GMT 2023","Sat Aug 05 16:04:46 GMT 2023","9894","tests","test_check_new_assets","TestAssets","","","test_has_new_assets[Test for CLV Parachain]",""
"passed","Sat Aug 05 16:05:12 GMT 2023","Sat Aug 05 16:05:15 GMT 2023","3521","tests","test_network_parameters","TestChainId","","","test_chainId[Test for Polkadot Collectives]",""
"passed","Sat Aug 05 16:05:19 GMT 2023","Sat Aug 05 16:05:28 GMT 2023","8541","tests","test_network_parameters","TestNetworkPrefix","","","test_address_prefix[Test for Polkadot Bridge Hub]",""
"passed","Sat Aug 05 16:04:34 GMT 2023","Sat Aug 05 16:04:35 GMT 2023","888","tests","test_nodes_availability","","","","test_can_create_connection[Test for Bifrost Kusama, url: wss://bifrost-rpc.liebi.com/ws]",""
"passed","Sat Aug 05 16:04:46 GMT 2023","Sat Aug 05 16:04:54 GMT 2023","8259","tests","test_check_new_assets","TestAssets","","","test_has_new_assets[Test for Interlay]",""
"passed","Sat Aug 05 16:04:36 GMT 2023","Sat Aug 05 16:04:36 GMT 2023","563","tests","test_nodes_availability","","","","test_can_create_connection[Test for Karura, url: wss://karura-rpc-1.aca-api.network]",""
"passed","Sat Aug 05 16:04:46 GMT 2023","Sat Aug 05 16:04:58 GMT 2023","12593","tests","test_network_parameters","TestNetworkPrefix","","","test_address_prefix[Test for Centrifuge Parachain]",""
"passed","Sat Aug 05 16:20:09 GMT 2023","Sat Aug 05 16:20:09 GMT 2023","23","","io.novafoundation.nova.balances.BalancesIntegrationTest","","io.novafoundation.nova.balances.BalancesIntegrationTest","testBalancesLoading[Getting balance for Frequency network]","testBalancesLoading[Getting balance for Frequency network]",""
"passed","Sat Aug 05 16:05:14 GMT 2023","Sat Aug 05 16:05:15 GMT 2023","382","tests","test_nodes_availability","","","","test_can_create_connection[Test for Mangata X, url: wss://kusama-archive.mangata.online]",""
"passed","Sat Aug 05 16:04:17 GMT 2023","Sat Aug 05 16:04:28 GMT 2023","10832","tests","test_network_parameters","TestPrecision","","","test_precision[Test for Parallel Heiko]",""
"passed","Sat Aug 05 16:05:12 GMT 2023","Sat Aug 05 16:05:15 GMT 2023","3153","tests","test_check_new_assets","TestAssets","","","test_has_new_assets[Test for Ajuna]",""
"passed","Sat Aug 05 16:04:37 GMT 2023","Sat Aug 05 16:04:38 GMT 2023","531","tests","test_nodes_availability","","","","test_can_create_connection[Test for QUARTZ, url: wss://eu-ws-quartz.unique.network]",""
"passed","Sat Aug 05 16:04:43 GMT 2023","Sat Aug 05 16:04:43 GMT 2023","612","tests","test_nodes_availability","","","","test_can_create_connection[Test for Equilibrium, url: wss://node.pol.equilibrium.io]",""
"passed","Sat Aug 05 16:04:31 GMT 2023","Sat Aug 05 16:04:36 GMT 2023","5703","tests","test_network_parameters","TestChainId","","","test_chainId[Test for Subsocial]",""
"passed","Sat Aug 05 16:04:20 GMT 2023","Sat Aug 05 16:04:28 GMT 2023","8556","tests","test_check_new_assets","TestAssets","","","test_has_new_assets[Test for Bit.Country Pioneer]",""
"passed","Sat Aug 05 16:04:34 GMT 2023","Sat Aug 05 16:04:34 GMT 2023","235","tests","test_nodes_availability","","","","test_can_create_connection[Test for Moonbeam, url: wss://moonbeam.public.blastapi.io]",""
"passed","Sat Aug 05 16:20:09 GMT 2023","Sat Aug 05 16:20:09 GMT 2023","88","","io.novafoundation.nova.balances.BalancesIntegrationTest","","io.novafoundation.nova.balances.BalancesIntegrationTest","testBalancesLoading[Getting balance for Vara network]","testBalancesLoading[Getting balance for Vara network]",""
"passed","Sat Aug 05 16:04:23 GMT 2023","Sat Aug 05 16:04:33 GMT 2023","10342","tests","test_network_parameters","TestNetworkPrefix","","","test_address_prefix[Test for Kusama Asset Hub]",""
"passed","Sat Aug 05 16:04:43 GMT 2023","Sat Aug 05 16:04:44 GMT 2023","856","tests","test_nodes_availability","","","","test_can_create_connection[Test for Ajuna, url: wss://ajuna.public.curie.radiumblock.co/ws]",""
"passed","Sat Aug 05 16:04:09 GMT 2023","Sat Aug 05 16:04:17 GMT 2023","8645","tests","test_network_parameters","TestPrecision","","","test_precision[Test for Westend]",""
"passed","Sat Aug 05 16:04:35 GMT 2023","Sat Aug 05 16:04:35 GMT 2023","208","tests","test_nodes_availability","","","","test_can_create_connection[Test for Moonriver, url: wss://wss.api.moonriver.moonbeam.network]",""
"passed","Sat Aug 05 16:20:04 GMT 2023","Sat Aug 05 16:20:05 GMT 2023","97","","io.novafoundation.nova.balances.BalancesIntegrationTest","","io.novafoundation.nova.balances.BalancesIntegrationTest","testBalancesLoading[Getting balance for HydraDX network]","testBalancesLoading[Getting balance for HydraDX network]",""
"passed","Sat Aug 05 16:05:02 GMT 2023","Sat Aug 05 16:05:09 GMT 2023","6338","tests","test_network_parameters","TestPrecision","","","test_precision[Test for Aventus]",""
"passed","Sat Aug 05 16:04:36 GMT 2023","Sat Aug 05 16:04:37 GMT 2023","1133","tests","test_nodes_availability","","","","test_can_create_connection[Test for Kusama Asset Hub, url: wss://statemine.api.onfinality.io/public-ws]",""
"passed","Sat Aug 05 16:04:39 GMT 2023","Sat Aug 05 16:04:40 GMT 2023","435","tests","test_nodes_availability","","","","test_can_create_connection[Test for Centrifuge Parachain, url: wss://fullnode.parachain.centrifuge.io]",""
"passed","Sat Aug 05 16:20:02 GMT 2023","Sat Aug 05 16:20:02 GMT 2023","243","","io.novafoundation.nova.balances.BalancesIntegrationTest","","io.novafoundation.nova.balances.BalancesIntegrationTest","testBalancesLoading[Getting balance for Astar network]","testBalancesLoading[Getting balance for Astar network]",""
"passed","Sat Aug 05 16:05:10 GMT 2023","Sat Aug 05 16:05:11 GMT 2023","926","tests","test_nodes_availability","","","","test_can_create_connection[Test for Astar, url: wss://astar.api.onfinality.io/public-ws]",""
"passed","Sat Aug 05 16:05:22 GMT 2023","Sat Aug 05 16:05:26 GMT 2023","4173","tests","test_network_parameters","TestNetworkPrefix","","","test_address_prefix[Test for GIANT]",""
"passed","Sat Aug 05 16:04:51 GMT 2023","Sat Aug 05 16:04:56 GMT 2023","5151","tests","test_check_new_assets","TestAssets","","","test_has_new_assets[Test for Imbue]",""
"passed","Sat Aug 05 16:04:41 GMT 2023","Sat Aug 05 16:04:42 GMT 2023","938","tests","test_nodes_availability","","","","test_can_create_connection[Test for Bajun, url: wss://bajun.api.onfinality.io/public-ws]",""
"passed","Sat Aug 05 16:04:51 GMT 2023","Sat Aug 05 16:05:02 GMT 2023","11619","tests","test_network_parameters","TestPrecision","","","test_precision[Test for Amplitude]",""
"passed","Sat Aug 05 16:05:13 GMT 2023","Sat Aug 05 16:05:14 GMT 2023","1321","tests","test_nodes_availability","","","","test_can_create_connection[Test for Dora Factory (PAUSED), url: wss://kusama.dorafactory.org]",""
"passed","Sat Aug 05 16:04:34 GMT 2023","Sat Aug 05 16:04:35 GMT 2023","583","tests","test_nodes_availability","","","","test_can_create_connection[Test for Kusama Asset Hub, url: wss://statemine-rpc.polkadot.io]",""
"passed","Sat Aug 05 16:04:36 GMT 2023","Sat Aug 05 16:04:37 GMT 2023","1126","tests","test_nodes_availability","","","","test_can_create_connection[Test for Khala, url: wss://khala.api.onfinality.io/public-ws]",""
"passed","Sat Aug 05 16:04:26 GMT 2023","Sat Aug 05 16:04:35 GMT 2023","8334","tests","test_network_parameters","TestNetworkPrefix","","","test_address_prefix[Test for Polkadot Asset Hub]",""
"passed","Sat Aug 05 16:05:09 GMT 2023","Sat Aug 05 16:05:19 GMT 2023","10146","tests","test_check_new_assets","TestAssets","","","test_has_new_assets[Test for Darwinia]",""
"passed","Sat Aug 05 16:05:02 GMT 2023","Sat Aug 05 16:05:12 GMT 2023","10261","tests","test_check_new_assets","TestAssets","","","test_has_new_assets[Test for Polymesh]",""
"passed","Sat Aug 05 16:04:36 GMT 2023","Sat Aug 05 16:04:36 GMT 2023","419","tests","test_nodes_availability","","","","test_can_create_connection[Test for Altair, url: wss://fullnode.altair.centrifuge.io]",""
"passed","Sat Aug 05 16:04:21 GMT 2023","Sat Aug 05 16:04:29 GMT 2023","7894","tests","test_network_parameters","TestChainId","","","test_chainId[Test for Kusama]",""
"passed","Sat Aug 05 16:04:47 GMT 2023","Sat Aug 05 16:04:56 GMT 2023","9079","tests","test_network_parameters","TestPrecision","","","test_precision[Test for Mangata X]",""
"passed","Sat Aug 05 16:04:42 GMT 2023","Sat Aug 05 16:04:42 GMT 2023","494","tests","test_nodes_availability","","","","test_can_create_connection[Test for Tinkernet, url: wss://invarch-tinkernet.api.onfinality.io/public-ws]",""
"passed","Sat Aug 05 16:04:16 GMT 2023","Sat Aug 05 16:04:17 GMT 2023","477","tests","test_eth_nodes_availability","TestETHNodesAvailability","","","test_rpc_node_work_fast[Test for Ethereum, url: https://eth-mainnet.public.blastapi.io]",""
"passed","Sat Aug 05 16:04:41 GMT 2023","Sat Aug 05 16:04:41 GMT 2023","725","tests","test_nodes_availability","","","","test_can_create_connection[Test for Polkadex, url: wss://mainnet.polkadex.trade]",""
"passed","Sat Aug 05 16:04:37 GMT 2023","Sat Aug 05 16:04:38 GMT 2023","952","tests","test_nodes_availability","","","","test_can_create_connection[Test for Encointer, url: wss://api.kusama.encointer.org]",""
"passed","Sat Aug 05 16:04:49 GMT 2023","Sat Aug 05 16:04:56 GMT 2023","6650","tests","test_network_parameters","TestChainId","","","test_chainId[Test for GM (PAUSED)]",""
"passed","Sat Aug 05 16:04:28 GMT 2023","Sat Aug 05 16:04:34 GMT 2023","5655","tests","test_network_parameters","TestPrecision","","","test_precision[Test for Encointer]",""
"passed","Sat Aug 05 16:05:11 GMT 2023","Sat Aug 05 16:05:22 GMT 2023","10727","tests","test_network_parameters","TestNetworkPrefix","","","test_address_prefix[Test for Ajuna]",""
"passed","Sat Aug 05 16:04:11 GMT 2023","Sat Aug 05 16:04:17 GMT 2023","6586","tests","test_network_parameters","TestPrecision","","","test_precision[Test for QUARTZ]",""
"passed","Sat Aug 05 16:04:36 GMT 2023","Sat Aug 05 16:04:36 GMT 2023","113","tests","test_nodes_availability","","","","test_can_create_connection[Test for Acala, url: wss://acala-rpc-1.aca-api.network]",""
"passed","Sat Aug 05 16:04:14 GMT 2023","Sat Aug 05 16:04:24 GMT 2023","10078","tests","test_network_parameters","TestNetworkPrefix","","","test_address_prefix[Test for Khala]",""
"passed","Sat Aug 05 16:04:35 GMT 2023","Sat Aug 05 16:04:36 GMT 2023","252","tests","test_nodes_availability","","","","test_can_create_connection[Test for QUARTZ, url: wss://us-ws-quartz.unique.network]",""
"passed","Sat Aug 05 16:20:07 GMT 2023","Sat Aug 05 16:20:07 GMT 2023","113","","io.novafoundation.nova.balances.BalancesIntegrationTest","","io.novafoundation.nova.balances.BalancesIntegrationTest","testBalancesLoading[Getting balance for Kabocha network]","testBalancesLoading[Getting balance for Kabocha network]",""
"passed","Sat Aug 05 16:05:00 GMT 2023","Sat Aug 05 16:05:04 GMT 2023","4782","tests","test_check_new_assets","TestAssets","","","test_has_new_assets[Test for DAO IPCI]",""
"passed","Sat Aug 05 16:04:17 GMT 2023","Sat Aug 05 16:04:18 GMT 2023","555","tests","test_eth_nodes_availability","TestETHNodesAvailability","","","test_rpc_node_is_synced[Test for Ethereum, url: https://eth-mainnet.public.blastapi.io]",""
"passed","Sat Aug 05 16:04:33 GMT 2023","Sat Aug 05 16:04:46 GMT 2023","12995","tests","test_network_parameters","TestNetworkPrefix","","","test_address_prefix[Test for Litmus]",""
"passed","Sat Aug 05 16:04:46 GMT 2023","Sat Aug 05 16:04:52 GMT 2023","5535","tests","test_check_new_assets","TestAssets","","","test_has_new_assets[Test for Turing]",""
"passed","Sat Aug 05 16:04:17 GMT 2023","Sat Aug 05 16:04:18 GMT 2023","711","tests","test_eth_nodes_availability","TestETHNodesAvailability","","","test_rpc_node_is_synced[Test for Ethereum, url: https://api.securerpc.com/v1]",""
"passed","Sat Aug 05 16:04:30 GMT 2023","Sat Aug 05 16:04:39 GMT 2023","9142","tests","test_network_parameters","TestChainId","","","test_chainId[Test for Basilisk]",""
"passed","Sat Aug 05 16:20:00 GMT 2023","Sat Aug 05 16:20:00 GMT 2023","39","","io.novafoundation.nova.balances.BalancesIntegrationTest","","io.novafoundation.nova.balances.BalancesIntegrationTest","testBalancesLoading[Getting balance for Moonriver network]","testBalancesLoading[Getting balance for Moonriver network]",""
"passed","Sat Aug 05 16:04:59 GMT 2023","Sat Aug 05 16:05:07 GMT 2023","7565","tests","test_network_parameters","TestChainId","","","test_chainId[Test for Ajuna]",""
"passed","Sat Aug 05 16:04:36 GMT 2023","Sat Aug 05 16:04:37 GMT 2023","895","tests","test_nodes_availability","","","","test_can_create_connection[Test for Calamari, url: wss://calamari.systems]",""
"passed","Sat Aug 05 16:04:16 GMT 2023","Sat Aug 05 16:04:17 GMT 2023","800","tests","test_eth_nodes_availability","TestETHNodesAvailability","","","test_rpc_node_is_synced[Test for Ethereum, url: https://rpc.flashbots.net]",""
"passed","Sat Aug 05 16:04:41 GMT 2023","Sat Aug 05 16:04:48 GMT 2023","7277","tests","test_network_parameters","TestChainId","","","test_chainId[Test for UNIQUE]",""
"passed","Sat Aug 05 16:20:08 GMT 2023","Sat Aug 05 16:20:08 GMT 2023","18","","io.novafoundation.nova.balances.BalancesIntegrationTest","","io.novafoundation.nova.balances.BalancesIntegrationTest","testBalancesLoading[Getting balance for Hashed Network network]","testBalancesLoading[Getting balance for Hashed Network network]",""
"passed","Sat Aug 05 16:04:43 GMT 2023","Sat Aug 05 16:04:43 GMT 2023","486","tests","test_nodes_availability","","","","test_can_create_connection[Test for Equilibrium, url: wss://equilibrium-rpc.dwellir.com]",""
"passed","Sat Aug 05 16:04:30 GMT 2023","Sat Aug 05 16:04:45 GMT 2023","15352","tests","test_network_parameters","TestPrecision","","","test_precision[Test for Centrifuge Parachain]",""
"passed","Sat Aug 05 16:04:33 GMT 2023","Sat Aug 05 16:04:47 GMT 2023","13704","tests","test_network_parameters","TestNetworkPrefix","","","test_address_prefix[Test for Zeitgeist]",""
"passed","Sat Aug 05 16:04:30 GMT 2023","Sat Aug 05 16:04:37 GMT 2023","7262","tests","test_check_new_assets","TestAssets","","","test_has_new_assets[Test for Robonomics]",""
"passed","Sat Aug 05 16:04:14 GMT 2023","Sat Aug 05 16:04:18 GMT 2023","4387","tests","test_network_parameters","TestChainId","","","test_chainId[Test for Moonriver]",""
"passed","Sat Aug 05 16:20:08 GMT 2023","Sat Aug 05 16:20:08 GMT 2023","25","","io.novafoundation.nova.balances.BalancesIntegrationTest","","io.novafoundation.nova.balances.BalancesIntegrationTest","testBalancesLoading[Getting balance for Bittensor network]","testBalancesLoading[Getting balance for Bittensor network]",""
"passed","Sat Aug 05 16:04:34 GMT 2023","Sat Aug 05 16:04:38 GMT 2023","3551","tests","test_nodes_availability","","","","test_can_create_connection[Test for Polkadot, url: wss://rpc.ibp.network/polkadot]",""
"passed","Sat Aug 05 16:04:46 GMT 2023","Sat Aug 05 16:05:07 GMT 2023","21165","tests","test_network_parameters","TestChainId","","","test_chainId[Test for Bifrost Polkadot]",""
"passed","Sat Aug 05 16:04:20 GMT 2023","Sat Aug 05 16:04:27 GMT 2023","7209","tests","test_check_new_assets","TestAssets","","","test_has_new_assets[Test for Altair]",""
"passed","Sat Aug 05 16:04:46 GMT 2023","Sat Aug 05 16:04:53 GMT 2023","7078","tests","test_check_new_assets","TestAssets","","","test_has_new_assets[Test for OriginTrail Parachain]",""
"passed","Sat Aug 05 16:20:00 GMT 2023","Sat Aug 05 16:20:00 GMT 2023","126","","io.novafoundation.nova.balances.BalancesIntegrationTest","","io.novafoundation.nova.balances.BalancesIntegrationTest","testBalancesLoading[Getting balance for Karura network]","testBalancesLoading[Getting balance for Karura network]",""
"passed","Sat Aug 05 16:04:42 GMT 2023","Sat Aug 05 16:04:43 GMT 2023","554","tests","test_nodes_availability","","","","test_can_create_connection[Test for DAO IPCI, url: wss://kusama.rpc.ipci.io]",""
"passed","Sat Aug 05 16:04:34 GMT 2023","Sat Aug 05 16:04:46 GMT 2023","12533","tests","test_network_parameters","TestPrecision","","","test_precision[Test for Phala]",""
"passed","Sat Aug 05 16:05:04 GMT 2023","Sat Aug 05 16:05:14 GMT 2023","9197","tests","test_check_new_assets","TestAssets","","","test_has_new_assets[Test for Equilibrium]",""
"passed","Sat Aug 05 16:04:42 GMT 2023","Sat Aug 05 16:04:43 GMT 2023","659","tests","test_nodes_availability","","","","test_can_create_connection[Test for XX network, url: wss://rpc-hetzner.xx.network]",""
"passed","Sat Aug 05 16:04:43 GMT 2023","Sat Aug 05 16:04:44 GMT 2023","455","tests","test_nodes_availability","","","","test_can_create_connection[Test for Crab, url: wss://darwiniacrab-rpc.dwellir.com]",""
"passed","Sat Aug 05 16:04:48 GMT 2023","Sat Aug 05 16:04:56 GMT 2023","7946","tests","test_check_new_assets","TestAssets","","","test_has_new_assets[Test for Polkadex]",""
"passed","Sat Aug 05 16:04:32 GMT 2023","Sat Aug 05 16:04:39 GMT 2023","7606","tests","test_check_new_assets","TestAssets","","","test_has_new_assets[Test for Litmus]",""
"passed","Sat Aug 05 16:05:32 GMT 2023","Sat Aug 05 16:05:33 GMT 2023","1252","tests","test_check_new_assets","TestAssets","","","test_has_new_assets[Test for Myriad]",""
"passed","Sat Aug 05 16:05:25 GMT 2023","Sat Aug 05 16:05:28 GMT 2023","3887","tests","test_network_parameters","TestNetworkPrefix","","","test_address_prefix[Test for Polkadot Collectives]",""
"passed","Sat Aug 05 16:20:05 GMT 2023","Sat Aug 05 16:20:05 GMT 2023","20","","io.novafoundation.nova.balances.BalancesIntegrationTest","","io.novafoundation.nova.balances.BalancesIntegrationTest","testBalancesLoading[Getting balance for Nodle Parachain network]","testBalancesLoading[Getting balance for Nodle Parachain network]",""
"passed","Sat Aug 05 16:05:16 GMT 2023","Sat Aug 05 16:05:25 GMT 2023","8699","tests","test_network_parameters","TestNetworkPrefix","","","test_address_prefix[Test for Equilibrium]",""
"passed","Sat Aug 05 16:05:03 GMT 2023","Sat Aug 05 16:05:09 GMT 2023","6130","tests","test_network_parameters","TestChainId","","","test_chainId[Test for Dora Factory (PAUSED)]",""
"passed","Sat Aug 05 16:05:02 GMT 2023","Sat Aug 05 16:05:09 GMT 2023","6528","tests","test_network_parameters","TestNetworkPrefix","","","test_address_prefix[Test for Kapex]",""
"passed","Sat Aug 05 16:04:17 GMT 2023","Sat Aug 05 16:04:18 GMT 2023","1057","tests","test_eth_nodes_availability","TestETHNodesAvailability","","","test_rpc_node_is_synced[Test for Ethereum, url: https://1rpc.io/eth]",""
"passed","Sat Aug 05 16:04:58 GMT 2023","Sat Aug 05 16:05:09 GMT 2023","10687","tests","test_network_parameters","TestNetworkPrefix","","","test_address_prefix[Test for UNIQUE]",""
"passed","Sat Aug 05 16:04:24 GMT 2023","Sat Aug 05 16:04:34 GMT 2023","9173","tests","test_network_parameters","TestNetworkPrefix","","","test_address_prefix[Test for KILT]",""
"passed","Sat Aug 05 16:04:53 GMT 2023","Sat Aug 05 16:05:06 GMT 2023","12680","tests","test_network_parameters","TestNetworkPrefix","","","test_address_prefix[Test for Litentry]",""
"passed","Sat Aug 05 16:04:14 GMT 2023","Sat Aug 05 16:04:24 GMT 2023","10159","tests","test_network_parameters","TestNetworkPrefix","","","test_address_prefix[Test for Bit.Country Pioneer]",""
"passed","Sat Aug 05 16:04:37 GMT 2023","Sat Aug 05 16:04:38 GMT 2023","610","tests","test_nodes_availability","","","","test_can_create_connection[Test for Kintsugi, url: wss://api-kusama.interlay.io/parachain]",""
"passed","Sat Aug 05 16:04:29 GMT 2023","Sat Aug 05 16:04:36 GMT 2023","6276","tests","test_network_parameters","TestChainId","","","test_chainId[Test for Robonomics]",""
"passed","Sat Aug 05 16:04:44 GMT 2023","Sat Aug 05 16:04:44 GMT 2023","133","tests","test_nodes_availability","","","","test_can_create_connection[Test for Frequency, url: wss://0.rpc.frequency.xyz]",""
"passed","Sat Aug 05 16:04:38 GMT 2023","Sat Aug 05 16:04:46 GMT 2023","7775","tests","test_network_parameters","TestChainId","","","test_chainId[Test for Efinity]",""
"passed","Sat Aug 05 16:05:13 GMT 2023","Sat Aug 05 16:05:18 GMT 2023","4530","tests","test_check_new_assets","TestAssets","","","test_has_new_assets[Test for Polkadot Collectives]",""
"passed","Sat Aug 05 16:05:07 GMT 2023","Sat Aug 05 16:05:19 GMT 2023","11784","tests","test_network_parameters","TestNetworkPrefix","","","test_address_prefix[Test for DAO IPCI]",""
"passed","Sat Aug 05 16:04:22 GMT 2023","Sat Aug 05 16:04:30 GMT 2023","7634","tests","test_network_parameters","TestPrecision","","","test_precision[Test for Polkadot Asset Hub]",""
"passed","Sat Aug 05 16:04:35 GMT 2023","Sat Aug 05 16:04:36 GMT 2023","475","tests","test_nodes_availability","","","","test_can_create_connection[Test for Basilisk, url: wss://basilisk-rpc.dwellir.com]",""
"passed","Sat Aug 05 16:05:05 GMT 2023","Sat Aug 05 16:05:19 GMT 2023","13417","tests","test_network_parameters","TestPrecision","","","test_precision[Test for Crab]",""
"passed","Sat Aug 05 16:04:09 GMT 2023","Sat Aug 05 16:04:18 GMT 2023","9209","tests","test_network_parameters","TestPrecision","","","test_precision[Test for Polkadot]",""
"passed","Sat Aug 05 16:04:20 GMT 2023","Sat Aug 05 16:04:29 GMT 2023","8905","tests","test_network_parameters","TestChainId","","","test_chainId[Test for Kusama Asset Hub]",""
"passed","Sat Aug 05 16:04:44 GMT 2023","Sat Aug 05 16:04:44 GMT 2023","325","tests","test_nodes_availability","","","","test_can_create_connection[Test for Polkadot Collectives, url: wss://sys.dotters.network/collectives-polkadot]",""
"passed","Sat Aug 05 16:04:46 GMT 2023","Sat Aug 05 16:04:53 GMT 2023","7012","tests","test_network_parameters","TestChainId","","","test_chainId[Test for Bajun]",""
"passed","Sat Aug 05 16:04:28 GMT 2023","Sat Aug 05 16:04:38 GMT 2023","10237","tests","test_network_parameters","TestPrecision","","","test_precision[Test for Picasso]",""
"passed","Sat Aug 05 16:04:14 GMT 2023","Sat Aug 05 16:04:20 GMT 2023","6536","tests","test_network_parameters","TestChainId","","","test_chainId[Test for Karura]",""
"passed","Sat Aug 05 16:04:34 GMT 2023","Sat Aug 05 16:04:47 GMT 2023","12777","tests","test_network_parameters","TestNetworkPrefix","","","test_address_prefix[Test for Crust Shadow]",""
"passed","Sat Aug 05 16:04:14 GMT 2023","Sat Aug 05 16:04:22 GMT 2023","8230","tests","test_network_parameters","TestChainId","","","test_chainId[Test for Bit.Country Pioneer]",""
"passed","Sat Aug 05 16:20:05 GMT 2023","Sat Aug 05 16:20:05 GMT 2023","17","","io.novafoundation.nova.balances.BalancesIntegrationTest","","io.novafoundation.nova.balances.BalancesIntegrationTest","testBalancesLoading[Getting balance for Aleph Zero network]","testBalancesLoading[Getting balance for Aleph Zero network]",""
"passed","Sat Aug 05 16:20:08 GMT 2023","Sat Aug 05 16:20:08 GMT 2023","94","","io.novafoundation.nova.balances.BalancesIntegrationTest","","io.novafoundation.nova.balances.BalancesIntegrationTest","testBalancesLoading[Getting balance for Kapex network]","testBalancesLoading[Getting balance for Kapex network]",""
"passed","Sat Aug 05 16:04:29 GMT 2023","Sat Aug 05 16:04:40 GMT 2023","11405","tests","test_network_parameters","TestPrecision","","","test_precision[Test for Litmus]",""
"passed","Sat Aug 05 16:04:24 GMT 2023","Sat Aug 05 16:04:33 GMT 2023","9594","tests","test_network_parameters","TestNetworkPrefix","","","test_address_prefix[Test for Parallel]",""
"passed","Sat Aug 05 16:04:40 GMT 2023","Sat Aug 05 16:04:41 GMT 2023","947","tests","test_nodes_availability","","","","test_can_create_connection[Test for Efinity, url: wss://efinity.api.onfinality.io/public-ws]",""
"passed","Sat Aug 05 16:04:51 GMT 2023","Sat Aug 05 16:04:56 GMT 2023","4941","tests","test_network_parameters","TestChainId","","","test_chainId[Test for Amplitude]",""
"passed","Sat Aug 05 16:05:00 GMT 2023","Sat Aug 05 16:05:12 GMT 2023","12250","tests","test_network_parameters","TestNetworkPrefix","","","test_address_prefix[Test for Amplitude]",""
"passed","Sat Aug 05 16:04:41 GMT 2023","Sat Aug 05 16:04:42 GMT 2023","427","tests","test_nodes_availability","","","","test_can_create_connection[Test for UNIQUE, url: wss://eu-ws.unique.network/]",""
"passed","Sat Aug 05 16:04:55 GMT 2023","Sat Aug 05 16:05:02 GMT 2023","7421","tests","test_network_parameters","TestChainId","","","test_chainId[Test for Pendulum]",""
"passed","Sat Aug 05 16:20:06 GMT 2023","Sat Aug 05 16:20:07 GMT 2023","247","","io.novafoundation.nova.balances.BalancesIntegrationTest","","io.novafoundation.nova.balances.BalancesIntegrationTest","testBalancesLoading[Getting balance for Dora Factory network]","testBalancesLoading[Getting balance for Dora Factory network]",""
"passed","Sat Aug 05 16:04:46 GMT 2023","Sat Aug 05 16:04:50 GMT 2023","4181","tests","test_network_parameters","TestPrecision","","","test_precision[Test for Kabocha]",""
"passed","Sat Aug 05 16:04:36 GMT 2023","Sat Aug 05 16:04:37 GMT 2023","502","tests","test_nodes_availability","","","","test_can_create_connection[Test for Shiden, url: wss://shiden-rpc.dwellir.com]",""
"passed","Sat Aug 05 16:04:24 GMT 2023","Sat Aug 05 16:04:34 GMT 2023","10855","tests","test_network_parameters","TestNetworkPrefix","","","test_address_prefix[Test for CLV Parachain]",""
"passed","Sat Aug 05 16:04:38 GMT 2023","Sat Aug 05 16:04:48 GMT 2023","10014","tests","test_network_parameters","TestPrecision","","","test_precision[Test for Interlay]",""
"passed","Sat Aug 05 16:04:35 GMT 2023","Sat Aug 05 16:04:36 GMT 2023","437","tests","test_nodes_availability","","","","test_can_create_connection[Test for KILT, url: wss://spiritnet.api.onfinality.io/public-ws]",""
"passed","Sat Aug 05 16:04:36 GMT 2023","Sat Aug 05 16:04:36 GMT 2023","132","tests","test_nodes_availability","","","","test_can_create_connection[Test for Acala, url: wss://acala-rpc-0.aca-api.network]",""
"passed","Sat Aug 05 16:04:52 GMT 2023","Sat Aug 05 16:05:00 GMT 2023","7852","tests","test_network_parameters","TestNetworkPrefix","","","test_address_prefix[Test for Imbue]",""
"passed","Sat Aug 05 16:04:14 GMT 2023","Sat Aug 05 16:04:24 GMT 2023","9792","tests","test_network_parameters","TestNetworkPrefix","","","test_address_prefix[Test for Moonriver]",""
"passed","Sat Aug 05 16:04:38 GMT 2023","Sat Aug 05 16:04:39 GMT 2023","651","tests","test_nodes_availability","","","","test_can_create_connection[Test for Robonomics, url: wss://kusama.rpc.robonomics.network/]",""
"passed","Sat Aug 05 16:20:00 GMT 2023","Sat Aug 05 16:20:01 GMT 2023","695","","io.novafoundation.nova.balances.BalancesIntegrationTest","","io.novafoundation.nova.balances.BalancesIntegrationTest","testBalancesLoading[Getting balance for Bifrost network]","testBalancesLoading[Getting balance for Bifrost network]",""
"passed","Sat Aug 05 16:04:42 GMT 2023","Sat Aug 05 16:04:43 GMT 2023","486","tests","test_nodes_availability","","","","test_can_create_connection[Test for Kapex, url: wss://k-ui.kapex.network]",""
"passed","Sat Aug 05 16:04:09 GMT 2023","Sat Aug 05 16:04:17 GMT 2023","8522","tests","test_network_parameters","TestPrecision","","","test_precision[Test for Altair]",""
"passed","Sat Aug 05 16:04:48 GMT 2023","Sat Aug 05 16:05:13 GMT 2023","25311","tests","test_check_new_assets","TestAssets","","","test_has_new_assets[Test for Bifrost Polkadot]",""
"passed","Sat Aug 05 16:04:44 GMT 2023","Sat Aug 05 16:04:45 GMT 2023","439","tests","test_nodes_availability","","","","test_can_create_connection[Test for Polkadot Collectives, url: wss://dot-rpc.stakeworld.io/collectives]",""
"passed","Sat Aug 05 16:05:09 GMT 2023","Sat Aug 05 16:05:19 GMT 2023","10167","tests","test_network_parameters","TestNetworkPrefix","","","test_address_prefix[Test for Crust]",""
"passed","Sat Aug 05 16:20:08 GMT 2023","Sat Aug 05 16:20:08 GMT 2023","84","","io.novafoundation.nova.balances.BalancesIntegrationTest","","io.novafoundation.nova.balances.BalancesIntegrationTest","testBalancesLoading[Getting balance for Aventus network]","testBalancesLoading[Getting balance for Aventus network]",""
"passed","Sat Aug 05 16:05:07 GMT 2023","Sat Aug 05 16:05:09 GMT 2023","2461","tests","test_network_parameters","TestChainId","","","test_chainId[Test for GIANT]",""
"passed","Sat Aug 05 16:04:18 GMT 2023","Sat Aug 05 16:04:26 GMT 2023","7497","tests","test_network_parameters","TestChainId","","","test_chainId[Test for Shiden]",""
"passed","Sat Aug 05 16:04:54 GMT 2023","Sat Aug 05 16:05:02 GMT 2023","8710","tests","test_network_parameters","TestNetworkPrefix","","","test_address_prefix[Test for Mangata X]",""
"passed","Sat Aug 05 16:20:09 GMT 2023","Sat Aug 05 16:20:09 GMT 2023","89","","io.novafoundation.nova.balances.BalancesIntegrationTest","","io.novafoundation.nova.balances.BalancesIntegrationTest","testBalancesLoading[Getting balance for Ajuna network]","testBalancesLoading[Getting balance for Ajuna network]",""
"passed","Sat Aug 05 16:04:38 GMT 2023","Sat Aug 05 16:04:38 GMT 2023","629","tests","test_nodes_availability","","","","test_can_create_connection[Test for Subsocial, url: wss://para.f3joule.space]",""
"passed","Sat Aug 05 16:20:09 GMT 2023","Sat Aug 05 16:20:09 GMT 2023","37","","io.novafoundation.nova.balances.BalancesIntegrationTest","","io.novafoundation.nova.balances.BalancesIntegrationTest","testBalancesLoading[Getting balance for GIANT network]","testBalancesLoading[Getting balance for GIANT network]",""
"passed","Sat Aug 05 16:05:08 GMT 2023","Sat Aug 05 16:05:09 GMT 2023","1335","tests","test_nodes_availability","","","","test_can_create_connection[Test for Acala, url: wss://acala.polkawallet.io]",""
"passed","Sat Aug 05 16:20:06 GMT 2023","Sat Aug 05 16:20:06 GMT 2023","252","","io.novafoundation.nova.balances.BalancesIntegrationTest","","io.novafoundation.nova.balances.BalancesIntegrationTest","testBalancesLoading[Getting balance for Litentry network]","testBalancesLoading[Getting balance for Litentry network]",""
"passed","Sat Aug 05 16:04:27 GMT 2023","Sat Aug 05 16:04:35 GMT 2023","8209","tests","test_check_new_assets","TestAssets","","","test_has_new_assets[Test for Parallel Heiko]",""
"passed","Sat Aug 05 16:20:08 GMT 2023","Sat Aug 05 16:20:08 GMT 2023","13","","io.novafoundation.nova.balances.BalancesIntegrationTest","","io.novafoundation.nova.balances.BalancesIntegrationTest","testBalancesLoading[Getting balance for Kylin network]","testBalancesLoading[Getting balance for Kylin network]",""
"passed","Sat Aug 05 16:04:42 GMT 2023","Sat Aug 05 16:04:43 GMT 2023","224","tests","test_nodes_availability","","","","test_can_create_connection[Test for Hashed Network, url: wss://c2.hashed.network]",""
"passed","Sat Aug 05 16:05:06 GMT 2023","Sat Aug 05 16:05:13 GMT 2023","7125","tests","test_network_parameters","TestPrecision","","","test_precision[Test for Frequency]",""
"passed","Sat Aug 05 16:20:03 GMT 2023","Sat Aug 05 16:20:03 GMT 2023","21","","io.novafoundation.nova.balances.BalancesIntegrationTest","","io.novafoundation.nova.balances.BalancesIntegrationTest","testBalancesLoading[Getting balance for QUARTZ network]","testBalancesLoading[Getting balance for QUARTZ network]",""
"passed","Sat Aug 05 16:04:39 GMT 2023","Sat Aug 05 16:04:40 GMT 2023","990","tests","test_nodes_availability","","","","test_can_create_connection[Test for Centrifuge Parachain, url: wss://centrifuge-parachain.api.onfinality.io/public-ws]",""
"passed","Sat Aug 05 16:20:04 GMT 2023","Sat Aug 05 16:20:04 GMT 2023","116","","io.novafoundation.nova.balances.BalancesIntegrationTest","","io.novafoundation.nova.balances.BalancesIntegrationTest","testBalancesLoading[Getting balance for Zeitgeist network]","testBalancesLoading[Getting balance for Zeitgeist network]",""
"passed","Sat Aug 05 16:04:09 GMT 2023","Sat Aug 05 16:04:17 GMT 2023","8393","tests","test_network_parameters","TestPrecision","","","test_precision[Test for Karura]",""
"passed","Sat Aug 05 16:04:22 GMT 2023","Sat Aug 05 16:04:30 GMT 2023","8634","tests","test_network_parameters","TestChainId","","","test_chainId[Test for Parallel]",""
"passed","Sat Aug 05 16:20:03 GMT 2023","Sat Aug 05 16:20:03 GMT 2023","95","","io.novafoundation.nova.balances.BalancesIntegrationTest","","io.novafoundation.nova.balances.BalancesIntegrationTest","testBalancesLoading[Getting balance for Basilisk network]","testBalancesLoading[Getting balance for Basilisk network]",""
"passed","Sat Aug 05 16:04:43 GMT 2023","Sat Aug 05 16:04:45 GMT 2023","1920","tests","test_nodes_availability","","","","test_can_create_connection[Test for Darwinia, url: wss://parachain-rpc.darwinia.network]",""
"passed","Sat Aug 05 16:04:34 GMT 2023","Sat Aug 05 16:04:35 GMT 2023","549","tests","test_nodes_availability","","","","test_can_create_connection[Test for Karura, url: wss://karura-rpc-2.aca-api.network/ws]",""
"passed","Sat Aug 05 16:20:02 GMT 2023","Sat Aug 05 16:20:02 GMT 2023","141","","io.novafoundation.nova.balances.BalancesIntegrationTest","","io.novafoundation.nova.balances.BalancesIntegrationTest","testBalancesLoading[Getting balance for Acala network]","testBalancesLoading[Getting balance for Acala network]",""
"passed","Sat Aug 05 16:04:27 GMT 2023","Sat Aug 05 16:04:33 GMT 2023","5244","tests","test_network_parameters","TestPrecision","","","test_precision[Test for Subsocial]",""
"passed","Sat Aug 05 16:04:28 GMT 2023","Sat Aug 05 16:04:38 GMT 2023","10858","tests","test_check_new_assets","TestAssets","","","test_has_new_assets[Test for Kusama]",""
"passed","Sat Aug 05 16:04:37 GMT 2023","Sat Aug 05 16:04:46 GMT 2023","9506","tests","test_check_new_assets","TestAssets","","","test_has_new_assets[Test for Crust Shadow]",""
"passed","Sat Aug 05 16:20:01 GMT 2023","Sat Aug 05 16:20:01 GMT 2023","107","","io.novafoundation.nova.balances.BalancesIntegrationTest","","io.novafoundation.nova.balances.BalancesIntegrationTest","testBalancesLoading[Getting balance for Khala network]","testBalancesLoading[Getting balance for Khala network]",""
"passed","Sat Aug 05 16:04:44 GMT 2023","Sat Aug 05 16:04:44 GMT 2023","476","tests","test_nodes_availability","","","","test_can_create_connection[Test for Kusama Bridge Hub, url: wss://kusama-bridge-hub-rpc.polkadot.io]",""
"passed","Sat Aug 05 16:04:38 GMT 2023","Sat Aug 05 16:04:39 GMT 2023","1223","tests","test_nodes_availability","","","","test_can_create_connection[Test for Litmus, url: wss://rpc.litmus-parachain.litentry.io]",""
"passed","Sat Aug 05 16:04:18 GMT 2023","Sat Aug 05 16:04:29 GMT 2023","10783","tests","test_network_parameters","TestPrecision","","","test_precision[Test for Kusama]",""
"passed","Sat Aug 05 16:04:40 GMT 2023","Sat Aug 05 16:04:41 GMT 2023","1225","tests","test_nodes_availability","","","","test_can_create_connection[Test for Litentry, url: wss://rpc.litentry-parachain.litentry.io]",""
"passed","Sat Aug 05 16:04:17 GMT 2023","Sat Aug 05 16:04:22 GMT 2023","4642","tests","test_network_parameters","TestPrecision","","","test_precision[Test for Moonbeam]",""
"passed","Sat Aug 05 16:04:34 GMT 2023","Sat Aug 05 16:04:35 GMT 2023","506","tests","test_nodes_availability","","","","test_can_create_connection[Test for Kusama, url: wss://kusama-rpc.dwellir.com]",""
"passed","Sat Aug 05 16:04:58 GMT 2023","Sat Aug 05 16:05:08 GMT 2023","9710","tests","test_network_parameters","TestPrecision","","","test_precision[Test for Pendulum]",""
"passed","Sat Aug 05 16:04:22 GMT 2023","Sat Aug 05 16:04:30 GMT 2023","8568","tests","test_network_parameters","TestPrecision","","","test_precision[Test for Robonomics]",""
"passed","Sat Aug 05 16:04:38 GMT 2023","Sat Aug 05 16:04:39 GMT 2023","561","tests","test_nodes_availability","","","","test_can_create_connection[Test for Integritee Parachain, url: wss://kusama.api.integritee.network]",""
"passed","Sat Aug 05 16:04:20 GMT 2023","Sat Aug 05 16:04:27 GMT 2023","7437","tests","test_check_new_assets","TestAssets","","","test_has_new_assets[Test for Moonriver]",""
"passed","Sat Aug 05 16:04:16 GMT 2023","Sat Aug 05 16:04:17 GMT 2023","801","tests","test_eth_nodes_availability","TestETHNodesAvailability","","","test_rpc_node_work_fast[Test for Ethereum, url: https://rpc.flashbots.net]",""
"passed","Sat Aug 05 16:05:03 GMT 2023","Sat Aug 05 16:05:09 GMT 2023","5813","tests","test_check_new_assets","TestAssets","","","test_has_new_assets[Test for Crust]",""
"passed","Sat Aug 05 16:05:13 GMT 2023","Sat Aug 05 16:05:19 GMT 2023","5346","tests","test_check_new_assets","TestAssets","","","test_has_new_assets[Test for GM (PAUSED)]",""
"passed","Sat Aug 05 16:04:39 GMT 2023","Sat Aug 05 16:04:39 GMT 2023","87","tests","test_nodes_availability","","","","test_can_create_connection[Test for Nodle Parachain, url: wss://nodle-parachain.api.onfinality.io/public-ws]",""
"passed","Sat Aug 05 16:04:35 GMT 2023","Sat Aug 05 16:04:36 GMT 2023","505","tests","test_nodes_availability","","","","test_can_create_connection[Test for Khala, url: wss://khala-api.phala.network/ws]",""
"passed","Sat Aug 05 16:05:12 GMT 2023","Sat Aug 05 16:05:19 GMT 2023","7073","tests","test_network_parameters","TestNetworkPrefix","","","test_address_prefix[Test for Aventus]",""
"passed","Sat Aug 05 16:04:14 GMT 2023","Sat Aug 05 16:04:22 GMT 2023","8002","tests","test_network_parameters","TestNetworkPrefix","","","test_address_prefix[Test for Karura]",""
"passed","Sat Aug 05 16:04:56 GMT 2023","Sat Aug 05 16:05:02 GMT 2023","5952","tests","test_check_new_assets","TestAssets","","","test_has_new_assets[Test for Bajun]",""
"passed","Sat Aug 05 16:04:20 GMT 2023","Sat Aug 05 16:04:37 GMT 2023","17563","tests","test_check_new_assets","TestAssets","","","test_has_new_assets[Test for Bifrost Kusama]",""
"passed","Sat Aug 05 16:20:03 GMT 2023","Sat Aug 05 16:20:04 GMT 2023","251","","io.novafoundation.nova.balances.BalancesIntegrationTest","","io.novafoundation.nova.balances.BalancesIntegrationTest","testBalancesLoading[Getting balance for Centrifuge Parachain network]","testBalancesLoading[Getting balance for Centrifuge Parachain network]",""
"passed","Sat Aug 05 16:05:06 GMT 2023","Sat Aug 05 16:05:15 GMT 2023","9487","tests","test_network_parameters","TestPrecision","","","test_precision[Test for GM (PAUSED)]",""
"passed","Sat Aug 05 16:05:02 GMT 2023","Sat Aug 05 16:05:07 GMT 2023","4808","tests","test_check_new_assets","TestAssets","","","test_has_new_assets[Test for Aventus]",""
"passed","Sat Aug 05 16:04:29 GMT 2023","Sat Aug 05 16:04:38 GMT 2023","9221","tests","test_network_parameters","TestChainId","","","test_chainId[Test for Kintsugi]",""
"passed","Sat Aug 05 16:05:03 GMT 2023","Sat Aug 05 16:05:10 GMT 2023","7513","tests","test_check_new_assets","TestAssets","","","test_has_new_assets[Test for Hashed Network]",""
"passed","Sat Aug 05 16:04:37 GMT 2023","Sat Aug 05 16:04:37 GMT 2023","249","tests","test_nodes_availability","","","","test_can_create_connection[Test for QUARTZ, url: wss://quartz.unique.network]",""
"passed","Sat Aug 05 16:20:05 GMT 2023","Sat Aug 05 16:20:05 GMT 2023","106","","io.novafoundation.nova.balances.BalancesIntegrationTest","","io.novafoundation.nova.balances.BalancesIntegrationTest","testBalancesLoading[Getting balance for Parallel Heiko network]","testBalancesLoading[Getting balance for Parallel Heiko network]",""
"passed","Sat Aug 05 16:04:41 GMT 2023","Sat Aug 05 16:04:42 GMT 2023","419","tests","test_nodes_availability","","","","test_can_create_connection[Test for Kabocha, url: wss://kabocha.jelliedowl.com]",""
"passed","Sat Aug 05 16:20:07 GMT 2023","Sat Aug 05 16:20:07 GMT 2023","142","","io.novafoundation.nova.balances.BalancesIntegrationTest","","io.novafoundation.nova.balances.BalancesIntegrationTest","testBalancesLoading[Getting balance for GM network]","testBalancesLoading[Getting balance for GM network]",""
"passed","Sat Aug 05 16:04:56 GMT 2023","Sat Aug 05 16:05:05 GMT 2023","9398","tests","test_network_parameters","TestChainId","","","test_chainId[Test for XX network]",""
"passed","Sat Aug 05 16:20:07 GMT 2023","Sat Aug 05 16:20:07 GMT 2023","103","","io.novafoundation.nova.balances.BalancesIntegrationTest","","io.novafoundation.nova.balances.BalancesIntegrationTest","testBalancesLoading[Getting balance for Bajun network]","testBalancesLoading[Getting balance for Bajun network]",""
"passed","Sat Aug 05 16:04:40 GMT 2023","Sat Aug 05 16:04:41 GMT 2023","934","tests","test_nodes_availability","","","","test_can_create_connection[Test for Interlay, url: wss://interlay.api.onfinality.io/public-ws]",""
"passed","Sat Aug 05 16:04:21 GMT 2023","Sat Aug 05 16:04:30 GMT 2023","9160","tests","test_network_parameters","TestChainId","","","test_chainId[Test for Parallel Heiko]",""
"passed","Sat Aug 05 16:05:07 GMT 2023","Sat Aug 05 16:05:11 GMT 2023","3859","tests","test_network_parameters","TestChainId","","","test_chainId[Test for Polkadot Bridge Hub]",""
"passed","Sat Aug 05 16:04:39 GMT 2023","Sat Aug 05 16:04:39 GMT 2023","177","tests","test_nodes_availability","","","","test_can_create_connection[Test for HydraDX, url: wss://rpc.hydradx.cloud]",""
"passed","Sat Aug 05 16:04:14 GMT 2023","Sat Aug 05 16:04:17 GMT 2023","2348","tests","test_network_parameters","TestNetworkPrefix","","","test_address_prefix[Test for Calamari]",""
"passed","Sat Aug 05 16:04:46 GMT 2023","Sat Aug 05 16:04:56 GMT 2023","9636","tests","test_check_new_assets","TestAssets","","","test_has_new_assets[Test for Phala]",""
"passed","Sat Aug 05 16:05:07 GMT 2023","Sat Aug 05 16:05:13 GMT 2023","5896","tests","test_network_parameters","TestPrecision","","","test_precision[Test for Hashed Network]",""
"passed","Sat Aug 05 16:04:14 GMT 2023","Sat Aug 05 16:04:23 GMT 2023","8374","tests","test_network_parameters","TestNetworkPrefix","","","test_address_prefix[Test for Westend]",""
"passed","Sat Aug 05 16:04:42 GMT 2023","Sat Aug 05 16:04:42 GMT 2023","355","tests","test_nodes_availability","","","","test_can_create_connection[Test for Bajun, url: wss://bajun.public.curie.radiumblock.co/ws]",""
"passed","Sat Aug 05 16:04:35 GMT 2023","Sat Aug 05 16:04:36 GMT 2023","1132","tests","test_nodes_availability","","","","test_can_create_connection[Test for Shiden, url: wss://shiden.api.onfinality.io/public-ws]",""
"passed","Sat Aug 05 16:04:25 GMT 2023","Sat Aug 05 16:04:34 GMT 2023","8733","tests","test_network_parameters","TestPrecision","","","test_precision[Test for Kintsugi]",""
"passed","Sat Aug 05 16:04:44 GMT 2023","Sat Aug 05 16:04:44 GMT 2023","611","tests","test_nodes_availability","","","","test_can_create_connection[Test for Polkadot Bridge Hub, url: wss://dot-rpc.stakeworld.io/bridgehub]",""
"passed","Sat Aug 05 16:05:09 GMT 2023","Sat Aug 05 16:05:18 GMT 2023","8809","tests","test_network_parameters","TestNetworkPrefix","","","test_address_prefix[Test for XX network]",""
"passed","Sat Aug 05 16:04:43 GMT 2023","Sat Aug 05 16:04:43 GMT 2023","186","tests","test_nodes_availability","","","","test_can_create_connection[Test for Pendulum, url: wss://rpc-pendulum.prd.pendulumchain.tech]",""
"passed","Sat Aug 05 16:04:47 GMT 2023","Sat Aug 05 16:04:58 GMT 2023","11010","tests","test_network_parameters","TestNetworkPrefix","","","test_address_prefix[Test for Interlay]",""
"passed","Sat Aug 05 16:04:37 GMT 2023","Sat Aug 05 16:04:37 GMT 2023","468","tests","test_nodes_availability","","","","test_can_create_connection[Test for Khala, url: wss://khala-rpc.dwellir.com]",""
"passed","Sat Aug 05 16:04:27 GMT 2023","Sat Aug 05 16:04:36 GMT 2023","8741","tests","test_check_new_assets","TestAssets","","","test_has_new_assets[Test for Kusama Asset Hub]",""
"passed","Sat Aug 05 16:04:43 GMT 2023","Sat Aug 05 16:04:43 GMT 2023","347","tests","test_nodes_availability","","","","test_can_create_connection[Test for Aventus, url: wss://public-rpc.mainnet.aventus.io]",""
"passed","Sat Aug 05 16:20:02 GMT 2023","Sat Aug 05 16:20:02 GMT 2023","255","","io.novafoundation.nova.balances.BalancesIntegrationTest","","io.novafoundation.nova.balances.BalancesIntegrationTest","testBalancesLoading[Getting balance for Bit. Country network]","testBalancesLoading[Getting balance for Bit. Country network]",""
"passed","Sat Aug 05 16:04:38 GMT 2023","Sat Aug 05 16:04:47 GMT 2023","9065","tests","test_network_parameters","TestChainId","","","test_chainId[Test for HydraDX]",""
"passed","Sat Aug 05 16:04:56 GMT 2023","Sat Aug 05 16:05:09 GMT 2023","13239","tests","test_network_parameters","TestPrecision","","","test_precision[Test for Polymesh]",""
"passed","Sat Aug 05 16:04:35 GMT 2023","Sat Aug 05 16:04:44 GMT 2023","9042","tests","test_network_parameters","TestChainId","","","test_chainId[Test for Crust Shadow]",""
"broken","Sat Aug 05 16:05:13 GMT 2023","Sat Aug 05 16:05:14 GMT 2023","586","tests","test_nodes_availability","","","","test_can_create_connection[Test for GM (PAUSED), url: wss://leemo.gmordie.com]",""
"passed","Sat Aug 05 16:20:07 GMT 2023","Sat Aug 05 16:20:07 GMT 2023","21","","io.novafoundation.nova.balances.BalancesIntegrationTest","","io.novafoundation.nova.balances.BalancesIntegrationTest","testBalancesLoading[Getting balance for Aleph Zero Testnet network]","testBalancesLoading[Getting balance for Aleph Zero Testnet network]",""
"passed","Sat Aug 05 16:20:01 GMT 2023","Sat Aug 05 16:20:01 GMT 2023","129","","io.novafoundation.nova.balances.BalancesIntegrationTest","","io.novafoundation.nova.balances.BalancesIntegrationTest","testBalancesLoading[Getting balance for KILT Spiritnet network]","testBalancesLoading[Getting balance for KILT Spiritnet network]",""
"passed","Sat Aug 05 16:04:36 GMT 2023","Sat Aug 05 16:04:36 GMT 2023","465","tests","test_nodes_availability","","","","test_can_create_connection[Test for Bifrost Kusama, url: wss://bifrost-rpc.dwellir.com]",""
"passed","Sat Aug 05 16:04:42 GMT 2023","Sat Aug 05 16:04:43 GMT 2023","803","tests","test_nodes_availability","","","","test_can_create_connection[Test for GM (PAUSED), url: wss://ws.gm.bldnodes.org]",""
"passed","Sat Aug 05 16:04:39 GMT 2023","Sat Aug 05 16:04:46 GMT 2023","6937","tests","test_network_parameters","TestChainId","","","test_chainId[Test for Turing]",""
"passed","Sat Aug 05 16:04:57 GMT 2023","Sat Aug 05 16:05:02 GMT 2023","4806","tests","test_check_new_assets","TestAssets","","","test_has_new_assets[Test for Kylin]",""
"passed","Sat Aug 05 16:05:21 GMT 2023","Sat Aug 05 16:05:27 GMT 2023","5794","tests","test_network_parameters","TestNetworkPrefix","","","test_address_prefix[Test for Vara]",""
"passed","Sat Aug 05 16:04:46 GMT 2023","Sat Aug 05 16:04:53 GMT 2023","6749","tests","test_network_parameters","TestChainId","","","test_chainId[Test for OriginTrail Parachain]",""
"passed","Sat Aug 05 16:04:40 GMT 2023","Sat Aug 05 16:04:41 GMT 2023","761","tests","test_nodes_availability","","","","test_can_create_connection[Test for Composable Finance, url: wss://rpc.composable.finance]",""
"passed","Sat Aug 05 16:19:59 GMT 2023","Sat Aug 05 16:19:59 GMT 2023","47","","io.novafoundation.nova.balances.BalancesIntegrationTest","","io.novafoundation.nova.balances.BalancesIntegrationTest","testBalancesLoading[Getting balance for Polkadot network]","testBalancesLoading[Getting balance for Polkadot network]",""
"passed","Sat Aug 05 16:05:06 GMT 2023","Sat Aug 05 16:05:11 GMT 2023","5191","tests","test_network_parameters","TestNetworkPrefix","","","test_address_prefix[Test for Kylin]",""
"passed","Sat Aug 05 16:04:35 GMT 2023","Sat Aug 05 16:04:42 GMT 2023","7162","tests","test_check_new_assets","TestAssets","","","test_has_new_assets[Test for Zeitgeist]",""
"passed","Sat Aug 05 16:04:35 GMT 2023","Sat Aug 05 16:04:46 GMT 2023","11248","tests","test_network_parameters","TestChainId","","","test_chainId[Test for Centrifuge Parachain]",""
"passed","Sat Aug 05 16:05:27 GMT 2023","Sat Aug 05 16:05:32 GMT 2023","4956","tests","test_check_new_assets","TestAssets","","","test_has_new_assets[Test for Dora Factory (PAUSED)]",""
"passed","Sat Aug 05 16:04:39 GMT 2023","Sat Aug 05 16:04:46 GMT 2023","7399","tests","test_network_parameters","TestPrecision","","","test_precision[Test for Nodle Parachain]",""
"passed","Sat Aug 05 16:05:05 GMT 2023","Sat Aug 05 16:05:14 GMT 2023","8978","tests","test_network_parameters","TestPrecision","","","test_precision[Test for Ajuna]",""
"passed","Sat Aug 05 16:05:09 GMT 2023","Sat Aug 05 16:05:14 GMT 2023","4708","tests","test_check_new_assets","TestAssets","","","test_has_new_assets[Test for GIANT]",""
"passed","Sat Aug 05 16:04:16 GMT 2023","Sat Aug 05 16:04:17 GMT 2023","814","tests","test_eth_nodes_availability","TestETHNodesAvailability","","","test_rpc_node_is_synced[Test for Ethereum, url: https://eth-rpc.gateway.pokt.network/]",""
"passed","Sat Aug 05 16:20:08 GMT 2023","Sat Aug 05 16:20:08 GMT 2023","13","","io.novafoundation.nova.balances.BalancesIntegrationTest","","io.novafoundation.nova.balances.BalancesIntegrationTest","testBalancesLoading[Getting balance for Amplitude network]","testBalancesLoading[Getting balance for Amplitude network]",""
"passed","Sat Aug 05 16:04:40 GMT 2023","Sat Aug 05 16:04:41 GMT 2023","863","tests","test_nodes_availability","","","","test_can_create_connection[Test for Bifrost Polkadot, url: wss://hk.p.bifrost-rpc.liebi.com/ws]",""
"passed","Sat Aug 05 16:04:38 GMT 2023","Sat Aug 05 16:04:39 GMT 2023","1046","tests","test_nodes_availability","","","","test_can_create_connection[Test for Encointer, url: wss://encointer.api.onfinality.io/public-ws]",""
"passed","Sat Aug 05 16:20:08 GMT 2023","Sat Aug 05 16:20:09 GMT 2023","107","","io.novafoundation.nova.balances.BalancesIntegrationTest","","io.novafoundation.nova.balances.BalancesIntegrationTest","testBalancesLoading[Getting balance for 3DPass network]","testBalancesLoading[Getting balance for 3DPass network]",""
"passed","Sat Aug 05 16:04:36 GMT 2023","Sat Aug 05 16:04:37 GMT 2023","1146","tests","test_nodes_availability","","","","test_can_create_connection[Test for QUARTZ, url: wss://asia-ws-quartz.unique.network]",""
"passed","Sat Aug 05 16:04:48 GMT 2023","Sat Aug 05 16:04:54 GMT 2023","5450","tests","test_network_parameters","TestPrecision","","","test_precision[Test for Imbue]",""
"passed","Sat Aug 05 16:04:39 GMT 2023","Sat Aug 05 16:04:40 GMT 2023","471","tests","test_nodes_availability","","","","test_can_create_connection[Test for Phala, url: wss://phala-rpc.dwellir.com]",""
"passed","Sat Aug 05 16:04:38 GMT 2023","Sat Aug 05 16:04:39 GMT 2023","519","tests","test_nodes_availability","","","","test_can_create_connection[Test for Subsocial, url: wss://para.subsocial.network]",""
"passed","Sat Aug 05 16:04:28 GMT 2023","Sat Aug 05 16:04:40 GMT 2023","11958","tests","test_network_parameters","TestPrecision","","","test_precision[Test for Zeitgeist]",""
"passed","Sat Aug 05 16:04:35 GMT 2023","Sat Aug 05 16:04:36 GMT 2023","554","tests","test_nodes_availability","","","","test_can_create_connection[Test for Bifrost Kusama, url: wss://bifrost-parachain.api.onfinality.io/public-ws]",""
"passed","Sat Aug 05 16:04:20 GMT 2023","Sat Aug 05 16:04:28 GMT 2023","7712","tests","test_check_new_assets","TestAssets","","","test_has_new_assets[Test for Astar]",""
"passed","Sat Aug 05 16:04:53 GMT 2023","Sat Aug 05 16:05:00 GMT 2023","6509","tests","test_check_new_assets","TestAssets","","","test_has_new_assets[Test for Mangata X]",""
"passed","Sat Aug 05 16:05:06 GMT 2023","Sat Aug 05 16:05:16 GMT 2023","10762","tests","test_network_parameters","TestNetworkPrefix","","","test_address_prefix[Test for Myriad]",""
"passed","Sat Aug 05 16:04:38 GMT 2023","Sat Aug 05 16:04:38 GMT 2023","524","tests","test_nodes_availability","","","","test_can_create_connection[Test for Polkadot Asset Hub, url: wss://statemint-rpc.dwellir.com]",""
"passed","Sat Aug 05 16:04:32 GMT 2023","Sat Aug 05 16:04:41 GMT 2023","8761","tests","test_network_parameters","TestChainId","","","test_chainId[Test for Integritee Parachain]",""
"passed","Sat Aug 05 16:04:16 GMT 2023","Sat Aug 05 16:04:17 GMT 2023","745","tests","test_eth_nodes_availability","TestETHNodesAvailability","","","test_rpc_node_is_synced[Test for Ethereum, url: https://eth.llamarpc.com]",""
"passed","Sat Aug 05 16:05:19 GMT 2023","Sat Aug 05 16:05:20 GMT 2023","1171","tests","test_network_parameters","TestPrecision","","","test_precision[Test for GIANT]",""
"passed","Sat Aug 05 16:05:14 GMT 2023","Sat Aug 05 16:05:17 GMT 2023","3686","tests","test_check_new_assets","TestAssets","","","test_has_new_assets[Test for Polkadot Bridge Hub]",""
"passed","Sat Aug 05 16:04:36 GMT 2023","Sat Aug 05 16:04:37 GMT 2023","963","tests","test_nodes_availability","","","","test_can_create_connection[Test for Altair, url: wss://altair.api.onfinality.io/public-ws]",""
"passed","Sat Aug 05 16:04:16 GMT 2023","Sat Aug 05 16:04:17 GMT 2023","544","tests","test_eth_nodes_availability","TestETHNodesAvailability","","","test_rpc_node_work_fast[Test for Ethereum, url: https://api.securerpc.com/v1]",""
"passed","Sat Aug 05 16:04:34 GMT 2023","Sat Aug 05 16:04:35 GMT 2023","567","tests","test_nodes_availability","","","","test_can_create_connection[Test for Kusama, url: wss://kusama-rpc.polkadot.io]",""
"passed","Sat Aug 05 16:04:39 GMT 2023","Sat Aug 05 16:04:40 GMT 2023","1001","tests","test_nodes_availability","","","","test_can_create_connection[Test for Integritee Parachain, url: wss://integritee-kusama.api.onfinality.io/public-ws]",""
"passed","Sat Aug 05 16:04:35 GMT 2023","Sat Aug 05 16:04:35 GMT 2023","301","tests","test_nodes_availability","","","","test_can_create_connection[Test for Karura, url: wss://karura-rpc-3.aca-api.network/ws]",""
"passed","Sat Aug 05 16:04:37 GMT 2023","Sat Aug 05 16:04:38 GMT 2023","1115","tests","test_nodes_availability","","","","test_can_create_connection[Test for Bit.Country Pioneer, url: wss://pioneer.api.onfinality.io/public-ws]",""
"passed","Sat Aug 05 16:04:44 GMT 2023","Sat Aug 05 16:04:45 GMT 2023","230","tests","test_nodes_availability","","","","test_can_create_connection[Test for Polkadot Collectives, url: wss://collectives.public.curie.radiumblock.co/ws]",""
"passed","Sat Aug 05 16:04:47 GMT 2023","Sat Aug 05 16:04:51 GMT 2023","4079","tests","test_check_new_assets","TestAssets","","","test_has_new_assets[Test for Aleph Zero]",""
"passed","Sat Aug 05 16:05:11 GMT 2023","Sat Aug 05 16:05:12 GMT 2023","479","tests","test_nodes_availability","","","","test_can_create_connection[Test for Astar, url: wss://astar-rpc.dwellir.com]",""
"passed","Sat Aug 05 16:04:50 GMT 2023","Sat Aug 05 16:05:13 GMT 2023","23417","tests","test_network_parameters","TestNetworkPrefix","","","test_address_prefix[Test for Bifrost Polkadot]",""
"passed","Sat Aug 05 16:05:19 GMT 2023","Sat Aug 05 16:05:23 GMT 2023","4116","tests","test_network_parameters","TestNetworkPrefix","","","test_address_prefix[Test for Frequency]",""
"passed","Sat Aug 05 16:20:09 GMT 2023","Sat Aug 05 16:20:09 GMT 2023","53","","io.novafoundation.nova.balances.BalancesIntegrationTest","","io.novafoundation.nova.balances.BalancesIntegrationTest","testBalancesLoading[Getting balance for Efinity network]","testBalancesLoading[Getting balance for Efinity network]",""
"passed","Sat Aug 05 16:05:03 GMT 2023","Sat Aug 05 16:05:08 GMT 2023","5120","tests","test_check_new_assets","TestAssets","","","test_has_new_assets[Test for Bittensor]",""
"passed","Sat Aug 05 16:04:36 GMT 2023","Sat Aug 05 16:04:37 GMT 2023","567","tests","test_nodes_availability","","","","test_can_create_connection[Test for Acala, url: wss://acala-rpc-2.aca-api.network/ws]",""
"passed","Sat Aug 05 16:04:52 GMT 2023","Sat Aug 05 16:04:57 GMT 2023","5303","tests","test_check_new_assets","TestAssets","","","test_has_new_assets[Test for Kabocha]",""
"passed","Sat Aug 05 16:04:40 GMT 2023","Sat Aug 05 16:04:48 GMT 2023","8056","tests","test_network_parameters","TestPrecision","","","test_precision[Test for Turing]",""
"passed","Sat Aug 05 16:04:45 GMT 2023","Sat Aug 05 16:04:46 GMT 2023","437","tests","test_nodes_availability","","","","test_can_create_connection[Test for Kusama Bridge Hub, url: wss://ksm-rpc.stakeworld.io/bridgehub]",""
"passed","Sat Aug 05 16:04:35 GMT 2023","Sat Aug 05 16:04:36 GMT 2023","504","tests","test_nodes_availability","","","","test_can_create_connection[Test for Karura, url: wss://karura-rpc-0.aca-api.network]",""
"passed","Sat Aug 05 16:04:47 GMT 2023","Sat Aug 05 16:04:55 GMT 2023","8311","tests","test_network_parameters","TestNetworkPrefix","","","test_address_prefix[Test for Turing]",""
"passed","Sat Aug 05 16:04:34 GMT 2023","Sat Aug 05 16:04:34 GMT 2023","428","tests","test_nodes_availability","","","","test_can_create_connection[Test for Kusama, url: wss://1rpc.io/ksm]",""
"passed","Sat Aug 05 16:04:46 GMT 2023","Sat Aug 05 16:04:54 GMT 2023","7426","tests","test_network_parameters","TestNetworkPrefix","","","test_address_prefix[Test for Nodle Parachain]",""
"passed","Sat Aug 05 16:04:48 GMT 2023","Sat Aug 05 16:04:57 GMT 2023","9031","tests","test_check_new_assets","TestAssets","","","test_has_new_assets[Test for Composable Finance]",""
"passed","Sat Aug 05 16:04:30 GMT 2023","Sat Aug 05 16:04:39 GMT 2023","8450","tests","test_network_parameters","TestPrecision","","","test_precision[Test for Integritee Parachain]",""
"passed","Sat Aug 05 16:04:44 GMT 2023","Sat Aug 05 16:04:44 GMT 2023","329","tests","test_nodes_availability","","","","test_can_create_connection[Test for Vara, url: wss://rpc.vara-network.io]",""
"passed","Sat Aug 05 16:04:41 GMT 2023","Sat Aug 05 16:04:46 GMT 2023","5395","tests","test_check_new_assets","TestAssets","","","test_has_new_assets[Test for Nodle Parachain]",""
"passed","Sat Aug 05 16:04:43 GMT 2023","Sat Aug 05 16:04:43 GMT 2023","85","tests","test_nodes_availability","","","","test_can_create_connection[Test for Crab, url: wss://crab.api.onfinality.io/public-ws]",""
"passed","Sat Aug 05 16:05:09 GMT 2023","Sat Aug 05 16:05:12 GMT 2023","3337","tests","test_network_parameters","TestChainId","","","test_chainId[Test for Kylin]",""
"passed","Sat Aug 05 16:04:09 GMT 2023","Sat Aug 05 16:04:16 GMT 2023","7110","tests","test_network_parameters","TestPrecision","","","test_precision[Test for Astar]",""
"passed","Sat Aug 05 16:04:44 GMT 2023","Sat Aug 05 16:04:45 GMT 2023","536","tests","test_nodes_availability","","","","test_can_create_connection[Test for Polkadot Collectives, url: wss://polkadot-collectives-rpc.polkadot.io]",""
"passed","Sat Aug 05 16:04:35 GMT 2023","Sat Aug 05 16:04:36 GMT 2023","364","tests","test_nodes_availability","","","","test_can_create_connection[Test for Kusama, url: wss://kusama.public.curie.radiumblock.co/ws]",""
"passed","Sat Aug 05 16:04:30 GMT 2023","Sat Aug 05 16:04:36 GMT 2023","6272","tests","test_network_parameters","TestChainId","","","test_chainId[Test for Encointer]",""
"passed","Sat Aug 05 16:05:08 GMT 2023","Sat Aug 05 16:05:13 GMT 2023","5011","tests","test_check_new_assets","TestAssets","","","test_has_new_assets[Test for Vara]",""
"passed","Sat Aug 05 16:04:45 GMT 2023","Sat Aug 05 16:04:57 GMT 2023","11893","tests","test_network_parameters","TestPrecision","","","test_precision[Test for Composable Finance]",""
"passed","Sat Aug 05 16:04:20 GMT 2023","Sat Aug 05 16:04:28 GMT 2023","8088","tests","test_check_new_assets","TestAssets","","","test_has_new_assets[Test for Khala]",""
"passed","Sat Aug 05 16:04:37 GMT 2023","Sat Aug 05 16:04:37 GMT 2023","491","tests","test_nodes_availability","","","","test_can_create_connection[Test for Kusama Asset Hub, url: wss://statemine-rpc.dwellir.com]",""
"passed","Sat Aug 05 16:04:36 GMT 2023","Sat Aug 05 16:04:45 GMT 2023","8932","tests","test_check_new_assets","TestAssets","","","test_has_new_assets[Test for Kintsugi]",""
"passed","Sat Aug 05 16:04:43 GMT 2023","Sat Aug 05 16:04:43 GMT 2023","480","tests","test_nodes_availability","","","","test_can_create_connection[Test for XX network, url: wss://xx.api.onfinality.io/public-ws]",""
"passed","Sat Aug 05 16:04:55 GMT 2023","Sat Aug 05 16:04:58 GMT 2023","3439","tests","test_network_parameters","TestChainId","","","test_chainId[Test for Myriad]",""
"passed","Sat Aug 05 16:04:42 GMT 2023","Sat Aug 05 16:04:42 GMT 2023","532","tests","test_nodes_availability","","","","test_can_create_connection[Test for Ternoa, url: wss://mainnet.ternoa.network]",""
"passed","Sat Aug 05 16:04:24 GMT 2023","Sat Aug 05 16:04:33 GMT 2023","9239","tests","test_network_parameters","TestNetworkPrefix","","","test_address_prefix[Test for Kusama]",""
"passed","Sat Aug 05 16:04:53 GMT 2023","Sat Aug 05 16:05:03 GMT 2023","9482","tests","test_network_parameters","TestChainId","","","test_chainId[Test for Polymesh]",""
"passed","Sat Aug 05 16:04:14 GMT 2023","Sat Aug 05 16:04:20 GMT 2023","6631","tests","test_network_parameters","TestChainId","","","test_chainId[Test for Westend]",""
"passed","Sat Aug 05 16:05:09 GMT 2023","Sat Aug 05 16:05:13 GMT 2023","3825","tests","test_network_parameters","TestPrecision","","","test_precision[Test for Bittensor]",""
"passed","Sat Aug 05 16:20:03 GMT 2023","Sat Aug 05 16:20:03 GMT 2023","108","","io.novafoundation.nova.balances.BalancesIntegrationTest","","io.novafoundation.nova.balances.BalancesIntegrationTest","testBalancesLoading[Getting balance for Robonomics network]","testBalancesLoading[Getting balance for Robonomics network]",""
"passed","Sat Aug 05 16:04:43 GMT 2023","Sat Aug 05 16:04:51 GMT 2023","7219","tests","test_network_parameters","TestPrecision","","","test_precision[Test for UNIQUE]",""
"passed","Sat Aug 05 16:04:33 GMT 2023","Sat Aug 05 16:04:40 GMT 2023","6857","tests","test_network_parameters","TestNetworkPrefix","","","test_address_prefix[Test for Robonomics]",""
"passed","Sat Aug 05 16:04:49 GMT 2023","Sat Aug 05 16:04:55 GMT 2023","5563","tests","test_network_parameters","TestChainId","","","test_chainId[Test for Imbue]",""
"passed","Sat Aug 05 16:04:59 GMT 2023","Sat Aug 05 16:05:03 GMT 2023","4331","tests","test_check_new_assets","TestAssets","","","test_has_new_assets[Test for Kapex]",""
"passed","Sat Aug 05 16:04:41 GMT 2023","Sat Aug 05 16:04:42 GMT 2023","382","tests","test_nodes_availability","","","","test_can_create_connection[Test for Mangata X, url: wss://kusama-rpc.mangata.online]",""
"passed","Sat Aug 05 16:04:09 GMT 2023","Sat Aug 05 16:04:17 GMT 2023","8548","tests","test_network_parameters","TestPrecision","","","test_precision[Test for Moonriver]",""
"passed","Sat Aug 05 16:05:09 GMT 2023","Sat Aug 05 16:05:12 GMT 2023","3426","tests","test_network_parameters","TestChainId","","","test_chainId[Test for Kusama Bridge Hub]",""
"passed","Sat Aug 05 16:05:10 GMT 2023","Sat Aug 05 16:05:21 GMT 2023","10794","tests","test_network_parameters","TestNetworkPrefix","","","test_address_prefix[Test for Pendulum]",""
"passed","Sat Aug 05 16:04:56 GMT 2023","Sat Aug 05 16:05:04 GMT 2023","8222","tests","test_network_parameters","TestChainId","","","test_chainId[Test for Aventus]",""
"passed","Sat Aug 05 16:04:35 GMT 2023","Sat Aug 05 16:04:35 GMT 2023","318","tests","test_nodes_availability","","","","test_can_create_connection[Test for Kusama, url: wss://rpc.dotters.network/kusama]",""
"passed","Sat Aug 05 16:04:37 GMT 2023","Sat Aug 05 16:04:37 GMT 2023","459","tests","test_nodes_availability","","","","test_can_create_connection[Test for Robonomics, url: wss://robonomics.leemo.me]",""
"passed","Sat Aug 05 16:04:38 GMT 2023","Sat Aug 05 16:04:39 GMT 2023","574","tests","test_nodes_availability","","","","test_can_create_connection[Test for Polkadot, url: wss://1rpc.io/dot]",""
"passed","Sat Aug 05 16:04:14 GMT 2023","Sat Aug 05 16:04:21 GMT 2023","7136","tests","test_network_parameters","TestChainId","","","test_chainId[Test for Polkadot]",""
"passed","Sat Aug 05 16:05:15 GMT 2023","Sat Aug 05 16:05:18 GMT 2023","3343","tests","test_check_new_assets","TestAssets","","","test_has_new_assets[Test for Kusama Bridge Hub]",""
"passed","Sat Aug 05 16:04:49 GMT 2023","Sat Aug 05 16:04:58 GMT 2023","9003","tests","test_network_parameters","TestPrecision","","","test_precision[Test for Tinkernet]",""
"passed","Sat Aug 05 16:04:57 GMT 2023","Sat Aug 05 16:05:05 GMT 2023","8437","tests","test_network_parameters","TestPrecision","","","test_precision[Test for Ternoa]",""
"passed","Sat Aug 05 16:04:26 GMT 2023","Sat Aug 05 16:04:35 GMT 2023","9148","tests","test_network_parameters","TestChainId","","","test_chainId[Test for CLV Parachain]",""
"passed","Sat Aug 05 16:04:53 GMT 2023","Sat Aug 05 16:04:57 GMT 2023","4510","tests","test_network_parameters","TestChainId","","","test_chainId[Test for Kapex]",""
"passed","Sat Aug 05 16:04:43 GMT 2023","Sat Aug 05 16:04:43 GMT 2023","523","tests","test_nodes_availability","","","","test_can_create_connection[Test for Ajuna, url: wss://rpc-parachain.ajuna.network]",""
"passed","Sat Aug 05 16:04:40 GMT 2023","Sat Aug 05 16:04:41 GMT 2023","942","tests","test_nodes_availability","","","","test_can_create_connection[Test for Composable Finance, url: wss://composable.api.onfinality.io/public-ws]",""
"passed","Sat Aug 05 16:04:41 GMT 2023","Sat Aug 05 16:04:53 GMT 2023","12487","tests","test_network_parameters","TestNetworkPrefix","","","test_address_prefix[Test for Phala]",""
"passed","Sat Aug 05 16:04:48 GMT 2023","Sat Aug 05 16:04:55 GMT 2023","6592","tests","test_network_parameters","TestChainId","","","test_chainId[Test for Tinkernet]",""
"passed","Sat Aug 05 16:05:01 GMT 2023","Sat Aug 05 16:05:09 GMT 2023","7597","tests","test_network_parameters","TestChainId","","","test_chainId[Test for Equilibrium]",""
"passed","Sat Aug 05 16:04:47 GMT 2023","Sat Aug 05 16:04:56 GMT 2023","8910","tests","test_network_parameters","TestPrecision","","","test_precision[Test for Bajun]",""
"passed","Sat Aug 05 16:04:35 GMT 2023","Sat Aug 05 16:04:35 GMT 2023","102","tests","test_nodes_availability","","","","test_can_create_connection[Test for Moonbeam, url: wss://moonbeam.api.onfinality.io/public-ws]",""
"passed","Sat Aug 05 16:04:46 GMT 2023","Sat Aug 05 16:04:55 GMT 2023","9363","tests","test_network_parameters","TestNetworkPrefix","","","test_address_prefix[Test for Composable Finance]",""
"passed","Sat Aug 05 16:04:41 GMT 2023","Sat Aug 05 16:04:41 GMT 2023","262","tests","test_nodes_availability","","","","test_can_create_connection[Test for Turing, url: wss://rpc.turing.oak.tech]",""
"passed","Sat Aug 05 16:04:34 GMT 2023","Sat Aug 05 16:04:35 GMT 2023","560","tests","test_nodes_availability","","","","test_can_create_connection[Test for Polkadot, url: wss://rpc.polkadot.io]",""
"passed","Sat Aug 05 16:04:39 GMT 2023","Sat Aug 05 16:04:47 GMT 2023","8708","tests","test_network_parameters","TestPrecision","","","test_precision[Test for OriginTrail Parachain]",""
"passed","Sat Aug 05 16:20:09 GMT 2023","Sat Aug 05 16:20:09 GMT 2023","28","","io.novafoundation.nova.balances.BalancesIntegrationTest","","io.novafoundation.nova.balances.BalancesIntegrationTest","testBalancesLoading[Getting balance for Imbue network]","testBalancesLoading[Getting balance for Imbue network]",""
"passed","Sat Aug 05 16:04:43 GMT 2023","Sat Aug 05 16:05:06 GMT 2023","22183","tests","test_network_parameters","TestPrecision","","","test_precision[Test for Bifrost Polkadot]",""
"passed","Sat Aug 05 16:04:41 GMT 2023","Sat Aug 05 16:04:49 GMT 2023","7926","tests","test_network_parameters","TestChainId","","","test_chainId[Test for Composable Finance]",""
"passed","Sat Aug 05 16:04:23 GMT 2023","Sat Aug 05 16:04:33 GMT 2023","10222","tests","test_network_parameters","TestNetworkPrefix","","","test_address_prefix[Test for Parallel Heiko]",""
"passed","Sat Aug 05 16:20:00 GMT 2023","Sat Aug 05 16:20:00 GMT 2023","304","","io.novafoundation.nova.balances.BalancesIntegrationTest","","io.novafoundation.nova.balances.BalancesIntegrationTest","testBalancesLoading[Getting balance for Statemine network]","testBalancesLoading[Getting balance for Statemine network]",""
"passed","Sat Aug 05 16:04:47 GMT 2023","Sat Aug 05 16:04:54 GMT 2023","6742","tests","test_network_parameters","TestChainId","","","test_chainId[Test for Mangata X]",""
"passed","Sat Aug 05 16:04:50 GMT 2023","Sat Aug 05 16:04:58 GMT 2023","7844","tests","test_network_parameters","TestPrecision","","","test_precision[Test for Kylin]",""
"passed","Sat Aug 05 16:04:39 GMT 2023","Sat Aug 05 16:04:39 GMT 2023","512","tests","test_nodes_availability","","","","test_can_create_connection[Test for Nodle Parachain, url: wss://eden-rpc.dwellir.com]",""
"passed","Sat Aug 05 16:04:14 GMT 2023","Sat Aug 05 16:04:22 GMT 2023","7778","tests","test_network_parameters","TestChainId","","","test_chainId[Test for Astar]",""
"passed","Sat Aug 05 16:04:28 GMT 2023","Sat Aug 05 16:04:39 GMT 2023","11200","tests","test_network_parameters","TestPrecision","","","test_precision[Test for Crust Shadow]",""
"passed","Sat Aug 05 16:04:56 GMT 2023","Sat Aug 05 16:05:03 GMT 2023","7080","tests","test_check_new_assets","TestAssets","","","test_has_new_assets[Test for Ternoa]",""
"passed","Sat Aug 05 16:04:45 GMT 2023","Sat Aug 05 16:04:46 GMT 2023","706","tests","test_nodes_availability","","","","test_can_create_connection[Test for Polkadot Bridge Hub, url: wss://polkadot-bridge-hub-rpc.polkadot.io]",""
"passed","Sat Aug 05 16:20:06 GMT 2023","Sat Aug 05 16:20:06 GMT 2023","234","","io.novafoundation.nova.balances.BalancesIntegrationTest","","io.novafoundation.nova.balances.BalancesIntegrationTest","testBalancesLoading[Getting balance for Bifrost Polkadot network]","testBalancesLoading[Getting balance for Bifrost Polkadot network]",""
"passed","Sat Aug 05 16:04:28 GMT 2023","Sat Aug 05 16:04:32 GMT 2023","3520","tests","test_check_new_assets","TestAssets","","","test_has_new_assets[Test for QUARTZ]",""
"passed","Sat Aug 05 16:05:07 GMT 2023","Sat Aug 05 16:05:12 GMT 2023","5645","tests","test_network_parameters","TestChainId","","","test_chainId[Test for Ternoa]",""
"passed","Sat Aug 05 16:04:41 GMT 2023","Sat Aug 05 16:04:42 GMT 2023","266","tests","test_nodes_availability","","","","test_can_create_connection[Test for Imbue, url: wss://imbue-kusama.imbue.network]",""
"passed","Sat Aug 05 16:20:05 GMT 2023","Sat Aug 05 16:20:05 GMT 2023","243","","io.novafoundation.nova.balances.BalancesIntegrationTest","","io.novafoundation.nova.balances.BalancesIntegrationTest","testBalancesLoading[Getting balance for Integritee Parachain network]","testBalancesLoading[Getting balance for Integritee Parachain network]",""
"passed","Sat Aug 05 16:04:21 GMT 2023","Sat Aug 05 16:04:27 GMT 2023","5300","tests","test_network_parameters","TestChainId","","","test_chainId[Test for QUARTZ]",""
"passed","Sat Aug 05 16:04:44 GMT 2023","Sat Aug 05 16:04:45 GMT 2023","953","tests","test_nodes_availability","","","","test_can_create_connection[Test for Polkadot Collectives, url: wss://collectives.api.onfinality.io/public-ws]",""
"passed","Sat Aug 05 16:05:09 GMT 2023","Sat Aug 05 16:05:10 GMT 2023","1035","tests","test_nodes_availability","","","","test_can_create_connection[Test for Astar, url: wss://rpc.astar.network]",""
"passed","Sat Aug 05 16:04:59 GMT 2023","Sat Aug 05 16:05:10 GMT 2023","11371","tests","test_network_parameters","TestNetworkPrefix","","","test_address_prefix[Test for Ternoa]",""
"passed","Sat Aug 05 16:04:37 GMT 2023","Sat Aug 05 16:04:38 GMT 2023","594","tests","test_nodes_availability","","","","test_can_create_connection[Test for KILT, url: wss://spiritnet.kilt.io/]",""
"passed","Sat Aug 05 16:04:39 GMT 2023","Sat Aug 05 16:04:48 GMT 2023","9723","tests","test_check_new_assets","TestAssets","","","test_has_new_assets[Test for Picasso]",""
"passed","Sat Aug 05 16:04:22 GMT 2023","Sat Aug 05 16:04:31 GMT 2023","8610","tests","test_network_parameters","TestChainId","","","test_chainId[Test for Acala]",""
"passed","Sat Aug 05 16:04:22 GMT 2023","Sat Aug 05 16:04:26 GMT 2023","4019","tests","test_network_parameters","TestNetworkPrefix","","","test_address_prefix[Test for Moonbeam]",""
"passed","Sat Aug 05 16:20:07 GMT 2023","Sat Aug 05 16:20:07 GMT 2023","108","","io.novafoundation.nova.balances.BalancesIntegrationTest","","io.novafoundation.nova.balances.BalancesIntegrationTest","testBalancesLoading[Getting balance for Statemint network]","testBalancesLoading[Getting balance for Statemint network]",""
"passed","Sat Aug 05 16:05:03 GMT 2023","Sat Aug 05 16:05:06 GMT 2023","3273","tests","test_network_parameters","TestChainId","","","test_chainId[Test for Bittensor]",""
"passed","Sat Aug 05 16:04:43 GMT 2023","Sat Aug 05 16:04:43 GMT 2023","149","tests","test_nodes_availability","","","","test_can_create_connection[Test for Bittensor, url: wss://entrypoint-finney.opentensor.ai:443]",""
"passed","Sat Aug 05 16:04:34 GMT 2023","Sat Aug 05 16:04:48 GMT 2023","13060","tests","test_network_parameters","TestNetworkPrefix","","","test_address_prefix[Test for Kintsugi]",""
"passed","Sat Aug 05 16:05:09 GMT 2023","Sat Aug 05 16:05:13 GMT 2023","3952","tests","test_network_parameters","TestNetworkPrefix","","","test_address_prefix[Test for Bittensor]",""
"passed","Sat Aug 05 16:04:40 GMT 2023","Sat Aug 05 16:04:53 GMT 2023","13049","tests","test_network_parameters","TestNetworkPrefix","","","test_address_prefix[Test for HydraDX]",""
"passed","Sat Aug 05 16:04:17 GMT 2023","Sat Aug 05 16:04:24 GMT 2023","6947","tests","test_network_parameters","TestNetworkPrefix","","","test_address_prefix[Test for QUARTZ]",""
"passed","Sat Aug 05 16:20:04 GMT 2023","Sat Aug 05 16:20:04 GMT 2023","159","","io.novafoundation.nova.balances.BalancesIntegrationTest","","io.novafoundation.nova.balances.BalancesIntegrationTest","testBalancesLoading[Getting balance for Subsocial Parachain network]","testBalancesLoading[Getting balance for Subsocial Parachain network]",""
"passed","Sat Aug 05 16:05:09 GMT 2023","Sat Aug 05 16:05:10 GMT 2023","534","tests","test_nodes_availability","","","","test_can_create_connection[Test for Polkadot Asset Hub, url: wss://statemint-rpc.polkadot.io]",""
"passed","Sat Aug 05 16:05:13 GMT 2023","Sat Aug 05 16:05:24 GMT 2023","11253","tests","test_network_parameters","TestNetworkPrefix","","","test_address_prefix[Test for Tinkernet]",""
"passed","Sat Aug 05 16:04:34 GMT 2023","Sat Aug 05 16:04:43 GMT 2023","9359","tests","test_network_parameters","TestPrecision","","","test_precision[Test for Efinity]",""
"passed","Sat Aug 05 16:05:14 GMT 2023","Sat Aug 05 16:05:14 GMT 2023","726","tests","test_nodes_availability","","","","test_can_create_connection[Test for XX network, url: wss://rpc-do.xx.network]",""
"passed","Sat Aug 05 16:04:39 GMT 2023","Sat Aug 05 16:04:39 GMT 2023","38","tests","test_nodes_availability","","","","test_can_create_connection[Test for Kusama, url: wss://rpc.ibp.network/kusama]",""
"passed","Sat Aug 05 16:04:56 GMT 2023","Sat Aug 05 16:05:03 GMT 2023","7105","tests","test_check_new_assets","TestAssets","","","test_has_new_assets[Test for Tinkernet]",""
"passed","Sat Aug 05 16:04:40 GMT 2023","Sat Aug 05 16:04:50 GMT 2023","9745","tests","test_network_parameters","TestNetworkPrefix","","","test_address_prefix[Test for Efinity]",""
"passed","Sat Aug 05 16:04:38 GMT 2023","Sat Aug 05 16:04:39 GMT 2023","780","tests","test_nodes_availability","","","","test_can_create_connection[Test for Picasso, url: wss://picasso-rpc.composable.finance]",""
"passed","Sat Aug 05 16:04:35 GMT 2023","Sat Aug 05 16:04:35 GMT 2023","371","tests","test_nodes_availability","","","","test_can_create_connection[Test for Polkadot, url: wss://rpc.dotters.network/polkadot]",""
"passed","Sat Aug 05 16:04:35 GMT 2023","Sat Aug 05 16:04:35 GMT 2023","72","tests","test_nodes_availability","","","","test_can_create_connection[Test for Polkadot, url: wss://polkadot.api.onfinality.io/public-ws]",""
"passed","Sat Aug 05 16:04:42 GMT 2023","Sat Aug 05 16:04:42 GMT 2023","309","tests","test_nodes_availability","","","","test_can_create_connection[Test for Myriad, url: wss://gateway.mainnet.octopus.network/myriad/a4cb0a6e30ff5233a3567eb4e8cb71e0]",""
"passed","Sat Aug 05 16:04:41 GMT 2023","Sat Aug 05 16:04:49 GMT 2023","7713","tests","test_network_parameters","TestPrecision","","","test_precision[Test for Polkadex]",""
"passed","Sat Aug 05 16:04:45 GMT 2023","Sat Aug 05 16:04:52 GMT 2023","7899","tests","test_check_new_assets","TestAssets","","","test_has_new_assets[Test for HydraDX]",""
"passed","Sat Aug 05 16:20:05 GMT 2023","Sat Aug 05 16:20:05 GMT 2023","241","","io.novafoundation.nova.balances.BalancesIntegrationTest","","io.novafoundation.nova.balances.BalancesIntegrationTest","testBalancesLoading[Getting balance for Composable Finance network]","testBalancesLoading[Getting balance for Composable Finance network]",""
"passed","Sat Aug 05 16:20:02 GMT 2023","Sat Aug 05 16:20:02 GMT 2023","239","","io.novafoundation.nova.balances.BalancesIntegrationTest","","io.novafoundation.nova.balances.BalancesIntegrationTest","testBalancesLoading[Getting balance for Clover network]","testBalancesLoading[Getting balance for Clover network]",""
"passed","Sat Aug 05 16:04:52 GMT 2023","Sat Aug 05 16:04:59 GMT 2023","6490","tests","test_check_new_assets","TestAssets","","","test_has_new_assets[Test for UNIQUE]",""
"passed","Sat Aug 05 16:20:09 GMT 2023","Sat Aug 05 16:20:09 GMT 2023","130","","io.novafoundation.nova.balances.BalancesIntegrationTest","","io.novafoundation.nova.balances.BalancesIntegrationTest","testBalancesLoading[Getting balance for Polkadot Collectives network]","testBalancesLoading[Getting balance for Polkadot Collectives network]",""
"passed","Sat Aug 05 16:04:34 GMT 2023","Sat Aug 05 16:04:35 GMT 2023","793","tests","test_nodes_availability","","","","test_can_create_connection[Test for Moonbeam, url: wss://1rpc.io/glmr]",""
"passed","Sat Aug 05 16:04:33 GMT 2023","Sat Aug 05 16:04:43 GMT 2023","10873","tests","test_network_parameters","TestPrecision","","","test_precision[Test for HydraDX]",""
"passed","Sat Aug 05 16:04:34 GMT 2023","Sat Aug 05 16:04:35 GMT 2023","979","tests","test_nodes_availability","","","","test_can_create_connection[Test for Westend, url: wss://westend.api.onfinality.io/public-ws]",""
"passed","Sat Aug 05 16:04:14 GMT 2023","Sat Aug 05 16:04:39 GMT 2023","24255","tests","test_network_parameters","TestNetworkPrefix","","","test_address_prefix[Test for Bifrost Kusama]",""
"passed","Sat Aug 05 16:04:14 GMT 2023","Sat Aug 05 16:04:30 GMT 2023","16188","tests","test_network_parameters","TestChainId","","","test_chainId[Test for Bifrost Kusama]",""
"passed","Sat Aug 05 16:04:39 GMT 2023","Sat Aug 05 16:04:48 GMT 2023","8267","tests","test_check_new_assets","TestAssets","","","test_has_new_assets[Test for Integritee Parachain]",""
"passed","Sat Aug 05 16:04:58 GMT 2023","Sat Aug 05 16:05:06 GMT 2023","7787","tests","test_network_parameters","TestNetworkPrefix","","","test_address_prefix[Test for Bajun]",""
"passed","Sat Aug 05 16:04:20 GMT 2023","Sat Aug 05 16:04:27 GMT 2023","7343","tests","test_check_new_assets","TestAssets","","","test_has_new_assets[Test for Karura]",""
"passed","Sat Aug 05 16:05:14 GMT 2023","Sat Aug 05 16:05:25 GMT 2023","11026","tests","test_network_parameters","TestNetworkPrefix","","","test_address_prefix[Test for Hashed Network]",""
"passed","Sat Aug 05 16:04:36 GMT 2023","Sat Aug 05 16:04:46 GMT 2023","10073","tests","test_network_parameters","TestChainId","","","test_chainId[Test for Interlay]",""
"passed","Sat Aug 05 16:05:04 GMT 2023","Sat Aug 05 16:05:07 GMT 2023","2793","tests","test_network_parameters","TestChainId","","","test_chainId[Test for Frequency]",""
"passed","Sat Aug 05 16:04:59 GMT 2023","Sat Aug 05 16:05:09 GMT 2023","9667","tests","test_network_parameters","TestNetworkPrefix","","","test_address_prefix[Test for GM (PAUSED)]",""
"passed","Sat Aug 05 16:04:28 GMT 2023","Sat Aug 05 16:04:36 GMT 2023","7378","tests","test_check_new_assets","TestAssets","","","test_has_new_assets[Test for Acala]",""
"passed","Sat Aug 05 16:04:51 GMT 2023","Sat Aug 05 16:04:59 GMT 2023","8553","tests","test_network_parameters","TestNetworkPrefix","","","test_address_prefix[Test for Polkadex]",""
"passed","Sat Aug 05 16:04:30 GMT 2023","Sat Aug 05 16:04:39 GMT 2023","9009","tests","test_network_parameters","TestChainId","","","test_chainId[Test for Zeitgeist]",""
"passed","Sat Aug 05 16:05:07 GMT 2023","Sat Aug 05 16:05:08 GMT 2023","632","tests","test_nodes_availability","","","","test_can_create_connection[Test for Parallel, url: wss://rpc.parallel.fi]",""
"passed","Sat Aug 05 16:04:41 GMT 2023","Sat Aug 05 16:04:42 GMT 2023","568","tests","test_nodes_availability","","","","test_can_create_connection[Test for Bajun, url: wss://rpc-parachain.bajun.network]",""
"passed","Sat Aug 05 16:04:14 GMT 2023","Sat Aug 05 16:04:22 GMT 2023","7938","tests","test_network_parameters","TestChainId","","","test_chainId[Test for Khala]",""
"passed","Sat Aug 05 16:04:14 GMT 2023","Sat Aug 05 16:04:21 GMT 2023","6720","tests","test_network_parameters","TestChainId","","","test_chainId[Test for Altair]",""
"passed","Sat Aug 05 16:04:17 GMT 2023","Sat Aug 05 16:04:28 GMT 2023","10285","tests","test_network_parameters","TestPrecision","","","test_precision[Test for Kusama Asset Hub]",""
"passed","Sat Aug 05 16:04:38 GMT 2023","Sat Aug 05 16:04:38 GMT 2023","77","tests","test_nodes_availability","","","","test_can_create_connection[Test for Zeitgeist, url: wss://zeitgeist.api.onfinality.io/public-ws]",""
"passed","Sat Aug 05 16:20:08 GMT 2023","Sat Aug 05 16:20:08 GMT 2023","102","","io.novafoundation.nova.balances.BalancesIntegrationTest","","io.novafoundation.nova.balances.BalancesIntegrationTest","testBalancesLoading[Getting balance for DAO IPCI network]","testBalancesLoading[Getting balance for DAO IPCI network]",""
"passed","Sat Aug 05 16:04:34 GMT 2023","Sat Aug 05 16:04:41 GMT 2023","7289","tests","test_network_parameters","TestNetworkPrefix","","","test_address_prefix[Test for Subsocial]",""
"passed","Sat Aug 05 16:05:03 GMT 2023","Sat Aug 05 16:05:12 GMT 2023","9566","tests","test_check_new_assets","TestAssets","","","test_has_new_assets[Test for XX network]",""
"passed","Sat Aug 05 16:04:41 GMT 2023","Sat Aug 05 16:04:41 GMT 2023","285","tests","test_nodes_availability","","","","test_can_create_connection[Test for UNIQUE, url: wss://us-ws.unique.network/]",""
"passed","Sat Aug 05 16:20:07 GMT 2023","Sat Aug 05 16:20:07 GMT 2023","141","","io.novafoundation.nova.balances.BalancesIntegrationTest","","io.novafoundation.nova.balances.BalancesIntegrationTest","testBalancesLoading[Getting balance for Tinkernet network]","testBalancesLoading[Getting balance for Tinkernet network]",""
"passed","Sat Aug 05 16:05:07 GMT 2023","Sat Aug 05 16:05:15 GMT 2023","7769","tests","test_check_new_assets","TestAssets","","","test_has_new_assets[Test for 3DPass]",""
"passed","Sat Aug 05 16:19:10 GMT 2023","Sat Aug 05 16:19:59 GMT 2023","49502","","io.novafoundation.nova.balances.BalancesIntegrationTest","","io.novafoundation.nova.balances.BalancesIntegrationTest","testBalancesLoading[Getting balance for Shiden network]","testBalancesLoading[Getting balance for Shiden network]",""
"passed","Sat Aug 05 16:20:04 GMT 2023","Sat Aug 05 16:20:04 GMT 2023","110","","io.novafoundation.nova.balances.BalancesIntegrationTest","","io.novafoundation.nova.balances.BalancesIntegrationTest","testBalancesLoading[Getting balance for Encointer network]","testBalancesLoading[Getting balance for Encointer network]",""
"passed","Sat Aug 05 16:20:07 GMT 2023","Sat Aug 05 16:20:07 GMT 2023","105","","io.novafoundation.nova.balances.BalancesIntegrationTest","","io.novafoundation.nova.balances.BalancesIntegrationTest","testBalancesLoading[Getting balance for OriginTrail Parachain network]","testBalancesLoading[Getting balance for OriginTrail Parachain network]",""
"passed","Sat Aug 05 16:04:48 GMT 2023","Sat Aug 05 16:04:59 GMT 2023","11297","tests","test_network_parameters","TestPrecision","","","test_precision[Test for Dora Factory (PAUSED)]",""
"passed","Sat Aug 05 16:04:35 GMT 2023","Sat Aug 05 16:04:35 GMT 2023","93","tests","test_nodes_availability","","","","test_can_create_connection[Test for Moonriver, url: wss://moonriver.api.onfinality.io/public-ws]",""
"passed","Sat Aug 05 16:04:57 GMT 2023","Sat Aug 05 16:05:03 GMT 2023","5204","tests","test_check_new_assets","TestAssets","","","test_has_new_assets[Test for Amplitude]",""
"passed","Sat Aug 05 16:04:24 GMT 2023","Sat Aug 05 16:04:33 GMT 2023","8419","tests","test_network_parameters","TestNetworkPrefix","","","test_address_prefix[Test for Shiden]",""
"passed","Sat Aug 05 16:04:14 GMT 2023","Sat Aug 05 16:04:24 GMT 2023","9326","tests","test_network_parameters","TestNetworkPrefix","","","test_address_prefix[Test for Astar]",""
"passed","Sat Aug 05 16:04:38 GMT 2023","Sat Aug 05 16:04:38 GMT 2023","504","tests","test_nodes_availability","","","","test_can_create_connection[Test for Acala, url: wss://acala-rpc.dwellir.com]",""
"passed","Sat Aug 05 16:04:14 GMT 2023","Sat Aug 05 16:04:21 GMT 2023","7588","tests","test_network_parameters","TestChainId","","","test_chainId[Test for Calamari]",""
"passed","Sat Aug 05 16:04:35 GMT 2023","Sat Aug 05 16:04:35 GMT 2023","236","tests","test_nodes_availability","","","","test_can_create_connection[Test for Kusama, url: wss://kusama.api.onfinality.io/public-ws]",""
"passed","Sat Aug 05 16:04:18 GMT 2023","Sat Aug 05 16:04:28 GMT 2023","9283","tests","test_network_parameters","TestPrecision","","","test_precision[Test for Acala]",""
"passed","Sat Aug 05 16:04:55 GMT 2023","Sat Aug 05 16:05:07 GMT 2023","11851","tests","test_network_parameters","TestNetworkPrefix","","","test_address_prefix[Test for Dora Factory (PAUSED)]",""
"passed","Sat Aug 05 16:04:37 GMT 2023","Sat Aug 05 16:04:38 GMT 2023","965","tests","test_nodes_availability","","","","test_can_create_connection[Test for Polkadot Asset Hub, url: wss://statemint.api.onfinality.io/public-ws]",""
"passed","Sat Aug 05 16:04:54 GMT 2023","Sat Aug 05 16:04:59 GMT 2023","4916","tests","test_network_parameters","TestChainId","","","test_chainId[Test for DAO IPCI]",""
"passed","Sat Aug 05 16:04:20 GMT 2023","Sat Aug 05 16:04:28 GMT 2023","7841","tests","test_check_new_assets","TestAssets","","","test_has_new_assets[Test for Polkadot]",""
"passed","Sat Aug 05 16:04:20 GMT 2023","Sat Aug 05 16:04:28 GMT 2023","8327","tests","test_check_new_assets","TestAssets","","","test_has_new_assets[Test for Calamari]",""
"passed","Sat Aug 05 16:04:16 GMT 2023","Sat Aug 05 16:04:17 GMT 2023","712","tests","test_eth_nodes_availability","TestETHNodesAvailability","","","test_rpc_node_work_fast[Test for Ethereum, url: https://rpc.ankr.com/eth]",""
"passed","Sat Aug 05 16:04:40 GMT 2023","Sat Aug 05 16:04:49 GMT 2023","9437","tests","test_network_parameters","TestChainId","","","test_chainId[Test for Litentry]",""
"passed","Sat Aug 05 16:04:59 GMT 2023","Sat Aug 05 16:05:05 GMT 2023","6242","tests","test_network_parameters","TestPrecision","","","test_precision[Test for Myriad]",""
"passed","Sat Aug 05 16:05:12 GMT 2023","Sat Aug 05 16:05:14 GMT 2023","2215","tests","test_check_new_assets","TestAssets","","","test_has_new_assets[Test for Frequency]",""
"passed","Sat Aug 05 16:04:16 GMT 2023","Sat Aug 05 16:04:22 GMT 2023","6348","tests","test_network_parameters","TestPrecision","","","test_precision[Test for Parallel]",""
"passed","Sat Aug 05 16:20:09 GMT 2023","Sat Aug 05 16:20:09 GMT 2023","110","","io.novafoundation.nova.balances.BalancesIntegrationTest","","io.novafoundation.nova.balances.BalancesIntegrationTest","testBalancesLoading[Getting balance for Kusama Bridge Hub network]","testBalancesLoading[Getting balance for Kusama Bridge Hub network]",""
"passed","Sat Aug 05 16:20:05 GMT 2023","Sat Aug 05 16:20:05 GMT 2023","112","","io.novafoundation.nova.balances.BalancesIntegrationTest","","io.novafoundation.nova.balances.BalancesIntegrationTest","testBalancesLoading[Getting balance for Phala network]","testBalancesLoading[Getting balance for Phala network]",""
"passed","Sat Aug 05 16:04:39 GMT 2023","Sat Aug 05 16:04:51 GMT 2023","12036","tests","test_network_parameters","TestNetworkPrefix","","","test_address_prefix[Test for Basilisk]",""
"passed","Sat Aug 05 16:04:36 GMT 2023","Sat Aug 05 16:04:40 GMT 2023","3879","tests","test_network_parameters","TestChainId","","","test_chainId[Test for Nodle Parachain]",""
"passed","Sat Aug 05 16:04:36 GMT 2023","Sat Aug 05 16:04:40 GMT 2023","4727","tests","test_check_new_assets","TestAssets","","","test_has_new_assets[Test for Subsocial]",""
"passed","Sat Aug 05 16:05:05 GMT 2023","Sat Aug 05 16:05:12 GMT 2023","7348","tests","test_network_parameters","TestChainId","","","test_chainId[Test for Crab]",""
"passed","Sat Aug 05 16:04:35 GMT 2023","Sat Aug 05 16:04:35 GMT 2023","238","tests","test_nodes_availability","","","","test_can_create_connection[Test for Polkadot, url: wss://rpc-polkadot.luckyfriday.io]",""
"passed","Sat Aug 05 16:20:01 GMT 2023","Sat Aug 05 16:20:01 GMT 2023","58","","io.novafoundation.nova.balances.BalancesIntegrationTest","","io.novafoundation.nova.balances.BalancesIntegrationTest","testBalancesLoading[Getting balance for Edgeware network]","testBalancesLoading[Getting balance for Edgeware network]",""
"passed","Sat Aug 05 16:04:54 GMT 2023","Sat Aug 05 16:05:07 GMT 2023","12910","tests","test_network_parameters","TestPrecision","","","test_precision[Test for XX network]",""
"passed","Sat Aug 05 16:04:27 GMT 2023","Sat Aug 05 16:04:30 GMT 2023","2442","tests","test_check_new_assets","TestAssets","","","test_has_new_assets[Test for Moonbeam]",""
"passed","Sat Aug 05 16:04:48 GMT 2023","Sat Aug 05 16:04:52 GMT 2023","4396","tests","test_network_parameters","TestNetworkPrefix","","","test_address_prefix[Test for Aleph Zero]",""
"passed","Sat Aug 05 16:19:59 GMT 2023","Sat Aug 05 16:20:00 GMT 2023","211","","io.novafoundation.nova.balances.BalancesIntegrationTest","","io.novafoundation.nova.balances.BalancesIntegrationTest","testBalancesLoading[Getting balance for Westend network]","testBalancesLoading[Getting balance for Westend network]",""
"passed","Sat Aug 05 16:04:54 GMT 2023","Sat Aug 05 16:05:01 GMT 2023","7190","tests","test_network_parameters","TestChainId","","","test_chainId[Test for Crust]",""
"passed","Sat Aug 05 16:05:13 GMT 2023","Sat Aug 05 16:05:28 GMT 2023","14800","tests","test_network_parameters","TestNetworkPrefix","","","test_address_prefix[Test for Darwinia]",""
"passed","Sat Aug 05 16:04:44 GMT 2023","Sat Aug 05 16:04:44 GMT 2023","280","tests","test_nodes_availability","","","","test_can_create_connection[Test for Polkadot Collectives, url: wss://sys.ibp.network/collectives-polkadot]",""
"passed","Sat Aug 05 16:05:08 GMT 2023","Sat Aug 05 16:05:17 GMT 2023","9335","tests","test_network_parameters","TestPrecision","","","test_precision[Test for 3DPass]",""
"passed","Sat Aug 05 16:04:55 GMT 2023","Sat Aug 05 16:05:00 GMT 2023","5031","tests","test_network_parameters","TestNetworkPrefix","","","test_address_prefix[Test for Kabocha]",""
"passed","Sat Aug 05 16:04:14 GMT 2023","Sat Aug 05 16:04:24 GMT 2023","9578","tests","test_network_parameters","TestNetworkPrefix","","","test_address_prefix[Test for Polkadot]",""
"passed","Sat Aug 05 16:20:08 GMT 2023","Sat Aug 05 16:20:08 GMT 2023","117","","io.novafoundation.nova.balances.BalancesIntegrationTest","","io.novafoundation.nova.balances.BalancesIntegrationTest","testBalancesLoading[Getting balance for Myriad network]","testBalancesLoading[Getting balance for Myriad network]",""
"passed","Sat Aug 05 16:04:53 GMT 2023","Sat Aug 05 16:04:59 GMT 2023","5873","tests","test_network_parameters","TestNetworkPrefix","","","test_address_prefix[Test for OriginTrail Parachain]",""
"passed","Sat Aug 05 16:04:38 GMT 2023","Sat Aug 05 16:04:38 GMT 2023","530","tests","test_nodes_availability","","","","test_can_create_connection[Test for Zeitgeist, url: wss://zeitgeist-rpc.dwellir.com]",""
"passed","Sat Aug 05 16:04:38 GMT 2023","Sat Aug 05 16:04:38 GMT 2023","482","tests","test_nodes_availability","","","","test_can_create_connection[Test for Polkadot, url: wss://polkadot-rpc.dwellir.com]",""
"passed","Sat Aug 05 16:04:38 GMT 2023","Sat Aug 05 16:04:39 GMT 2023","1096","tests","test_nodes_availability","","","","test_can_create_connection[Test for Crust Shadow, url: wss://rpc-shadow.crust.network/]",""
"passed","Sat Aug 05 16:04:28 GMT 2023","Sat Aug 05 16:04:36 GMT 2023","8055","tests","test_check_new_assets","TestAssets","","","test_has_new_assets[Test for Parallel]",""
"passed","Sat Aug 05 16:04:26 GMT 2023","Sat Aug 05 16:04:32 GMT 2023","6388","tests","test_network_parameters","TestChainId","","","test_chainId[Test for Polkadot Asset Hub]",""
"passed","Sat Aug 05 16:04:35 GMT 2023","Sat Aug 05 16:04:36 GMT 2023","522","tests","test_nodes_availability","","","","test_can_create_connection[Test for Westend, url: wss://westend-rpc.dwellir.com]",""
"passed","Sat Aug 05 16:04:28 GMT 2023","Sat Aug 05 16:04:35 GMT 2023","6997","tests","test_check_new_assets","TestAssets","","","test_has_new_assets[Test for KILT]",""
"passed","Sat Aug 05 16:20:04 GMT 2023","Sat Aug 05 16:20:04 GMT 2023","115","","io.novafoundation.nova.balances.BalancesIntegrationTest","","io.novafoundation.nova.balances.BalancesIntegrationTest","testBalancesLoading[Getting balance for Moonbase Alpha network]","testBalancesLoading[Getting balance for Moonbase Alpha network]",""
"passed","Sat Aug 05 16:20:08 GMT 2023","Sat Aug 05 16:20:08 GMT 2023","131","","io.novafoundation.nova.balances.BalancesIntegrationTest","","io.novafoundation.nova.balances.BalancesIntegrationTest","testBalancesLoading[Getting balance for XX network network]","testBalancesLoading[Getting balance for XX network network]",""
"passed","Sat Aug 05 16:04:42 GMT 2023","Sat Aug 05 16:04:43 GMT 2023","379","tests","test_nodes_availability","","","","test_can_create_connection[Test for Crust, url: wss://crust-parachain.crustapps.net]",""
"passed","Sat Aug 05 16:04:38 GMT 2023","Sat Aug 05 16:04:47 GMT 2023","9263","tests","test_check_new_assets","TestAssets","","","test_has_new_assets[Test for Encointer]",""
"passed","Sat Aug 05 16:04:59 GMT 2023","Sat Aug 05 16:05:06 GMT 2023","6704","tests","test_network_parameters","TestPrecision","","","test_precision[Test for Kapex]",""
"broken","Sat Aug 05 16:05:07 GMT 2023","Sat Aug 05 16:05:07 GMT 2023","270","tests","test_nodes_availability","","","","test_can_create_connection[Test for Basilisk, url: wss://rpc.basilisk.cloud]",""
"passed","Sat Aug 05 16:04:09 GMT 2023","Sat Aug 05 16:04:11 GMT 2023","2217","tests","test_network_parameters","TestPrecision","","","test_precision[Test for Calamari]",""
"passed","Sat Aug 05 16:20:03 GMT 2023","Sat Aug 05 16:20:03 GMT 2023","142","","io.novafoundation.nova.balances.BalancesIntegrationTest","","io.novafoundation.nova.balances.BalancesIntegrationTest","testBalancesLoading[Getting balance for Picasso network]","testBalancesLoading[Getting balance for Picasso network]",""
"passed","Sat Aug 05 16:20:08 GMT 2023","Sat Aug 05 16:20:08 GMT 2023","109","","io.novafoundation.nova.balances.BalancesIntegrationTest","","io.novafoundation.nova.balances.BalancesIntegrationTest","testBalancesLoading[Getting balance for Ternoa network]","testBalancesLoading[Getting balance for Ternoa network]",""
"passed","Sat Aug 05 16:20:08 GMT 2023","Sat Aug 05 16:20:08 GMT 2023","21","","io.novafoundation.nova.balances.BalancesIntegrationTest","","io.novafoundation.nova.balances.BalancesIntegrationTest","testBalancesLoading[Getting balance for Pendulum network]","testBalancesLoading[Getting balance for Pendulum network]",""
"passed","Sat Aug 05 16:05:15 GMT 2023","Sat Aug 05 16:05:18 GMT 2023","3262","tests","test_network_parameters","TestPrecision","","","test_precision[Test for Kusama Bridge Hub]",""
"passed","Sat Aug 05 16:05:02 GMT 2023","Sat Aug 05 16:05:12 GMT 2023","9300","tests","test_network_parameters","TestChainId","","","test_chainId[Test for Darwinia]",""
"passed","Sat Aug 05 16:20:03 GMT 2023","Sat Aug 05 16:20:03 GMT 2023","107","","io.novafoundation.nova.balances.BalancesIntegrationTest","","io.novafoundation.nova.balances.BalancesIntegrationTest","testBalancesLoading[Getting balance for Parallel network]","testBalancesLoading[Getting balance for Parallel network]",""
"passed","Sat Aug 05 16:04:40 GMT 2023","Sat Aug 05 16:04:47 GMT 2023","6728","tests","test_network_parameters","TestPrecision","","","test_precision[Test for Aleph Zero]",""
"passed","Sat Aug 05 16:04:17 GMT 2023","Sat Aug 05 16:04:28 GMT 2023","10906","tests","test_network_parameters","TestPrecision","","","test_precision[Test for CLV Parachain]",""
"passed","Sat Aug 05 16:04:39 GMT 2023","Sat Aug 05 16:04:40 GMT 2023","514","tests","test_nodes_availability","","","","test_can_create_connection[Test for HydraDX, url: wss://hydradx-rpc.dwellir.com]",""
"passed","Sat Aug 05 16:04:33 GMT 2023","Sat Aug 05 16:04:46 GMT 2023","12845","tests","test_network_parameters","TestNetworkPrefix","","","test_address_prefix[Test for Picasso]",""
"passed","Sat Aug 05 16:04:42 GMT 2023","Sat Aug 05 16:04:42 GMT 2023","76","tests","test_nodes_availability","","","","test_can_create_connection[Test for Kylin, url: wss://polkadot.kylin-node.co.uk]",""
"passed","Sat Aug 05 16:04:17 GMT 2023","Sat Aug 05 16:04:25 GMT 2023","8209","tests","test_network_parameters","TestPrecision","","","test_precision[Test for Shiden]",""
"passed","Sat Aug 05 16:04:29 GMT 2023","Sat Aug 05 16:04:38 GMT 2023","9218","tests","test_network_parameters","TestChainId","","","test_chainId[Test for Litmus]",""
"passed","Sat Aug 05 16:04:42 GMT 2023","Sat Aug 05 16:04:52 GMT 2023","10419","tests","test_check_new_assets","TestAssets","","","test_has_new_assets[Test for Centrifuge Parachain]",""
"passed","Sat Aug 05 16:04:14 GMT 2023","Sat Aug 05 16:04:23 GMT 2023","8443","tests","test_network_parameters","TestNetworkPrefix","","","test_address_prefix[Test for Altair]",""
"passed","Sat Aug 05 16:04:09 GMT 2023","Sat Aug 05 16:04:30 GMT 2023","21366","tests","test_network_parameters","TestPrecision","","","test_precision[Test for Bifrost Kusama]",""
"passed","Sat Aug 05 16:04:09 GMT 2023","Sat Aug 05 16:04:18 GMT 2023","9493","tests","test_network_parameters","TestPrecision","","","test_precision[Test for Khala]",""
"passed","Sat Aug 05 16:04:39 GMT 2023","Sat Aug 05 16:04:40 GMT 2023","451","tests","test_nodes_availability","","","","test_can_create_connection[Test for Efinity, url: wss://efinity-rpc.dwellir.com]",""
"passed","Sat Aug 05 16:04:41 GMT 2023","Sat Aug 05 16:04:41 GMT 2023","87","tests","test_nodes_availability","","","","test_can_create_connection[Test for Aleph Zero, url: wss://ws.azero.dev]",""
"passed","Sat Aug 05 16:04:35 GMT 2023","Sat Aug 05 16:04:35 GMT 2023","370","tests","test_nodes_availability","","","","test_can_create_connection[Test for Moonbeam, url: wss://wss.api.moonbeam.network]",""
"passed","Sat Aug 05 16:20:00 GMT 2023","Sat Aug 05 16:20:00 GMT 2023","78","","io.novafoundation.nova.balances.BalancesIntegrationTest","","io.novafoundation.nova.balances.BalancesIntegrationTest","testBalancesLoading[Getting balance for Moonbeam network]","testBalancesLoading[Getting balance for Moonbeam network]",""
"passed","Sat Aug 05 16:05:10 GMT 2023","Sat Aug 05 16:05:20 GMT 2023","9978","tests","test_check_new_assets","TestAssets","","","test_has_new_assets[Test for Crab]",""
"passed","Sat Aug 05 16:04:42 GMT 2023","Sat Aug 05 16:04:42 GMT 2023","322","tests","test_nodes_availability","","","","test_can_create_connection[Test for Amplitude, url: wss://rpc-amplitude.pendulumchain.tech]",""
"passed","Sat Aug 05 16:04:35 GMT 2023","Sat Aug 05 16:04:35 GMT 2023","503","tests","test_nodes_availability","","","","test_can_create_connection[Test for Karura, url: wss://karura-rpc.dwellir.com]",""
"passed","Sat Aug 05 16:04:35 GMT 2023","Sat Aug 05 16:04:41 GMT 2023","6165","tests","test_check_new_assets","TestAssets","","","test_has_new_assets[Test for Polkadot Asset Hub]",""
"passed","Sat Aug 05 16:04:52 GMT 2023","Sat Aug 05 16:05:02 GMT 2023","9307","tests","test_check_new_assets","TestAssets","","","test_has_new_assets[Test for Litentry]",""
"passed","Sat Aug 05 16:04:41 GMT 2023","Sat Aug 05 16:04:41 GMT 2023","511","tests","test_nodes_availability","","","","test_can_create_connection[Test for Litentry, url: wss://litentry-rpc.dwellir.com]",""
"passed","Sat Aug 05 16:05:00 GMT 2023","Sat Aug 05 16:05:14 GMT 2023","13926","tests","test_network_parameters","TestNetworkPrefix","","","test_address_prefix[Test for Polymesh]",""
"passed","Sat Aug 05 16:04:20 GMT 2023","Sat Aug 05 16:04:26 GMT 2023","5602","tests","test_network_parameters","TestChainId","","","test_chainId[Test for Moonbeam]",""
"passed","Sat Aug 05 16:04:22 GMT 2023","Sat Aug 05 16:04:29 GMT 2023","7412","tests","test_network_parameters","TestChainId","","","test_chainId[Test for KILT]",""
"passed","Sat Aug 05 16:04:30 GMT 2023","Sat Aug 05 16:04:41 GMT 2023","11252","tests","test_network_parameters","TestPrecision","","","test_precision[Test for Basilisk]",""
"passed","Sat Aug 05 16:04:56 GMT 2023","Sat Aug 05 16:05:07 GMT 2023","10987","tests","test_network_parameters","TestPrecision","","","test_precision[Test for DAO IPCI]",""
"passed","Sat Aug 05 16:04:40 GMT 2023","Sat Aug 05 16:04:41 GMT 2023","510","tests","test_nodes_availability","","","","test_can_create_connection[Test for Turing, url: wss://turing-rpc.dwellir.com]",""
"passed","Sat Aug 05 16:04:41 GMT 2023","Sat Aug 05 16:04:42 GMT 2023","1019","tests","test_nodes_availability","","","","test_can_create_connection[Test for UNIQUE, url: wss://asia-ws.unique.network/]",""
"passed","Sat Aug 05 16:04:27 GMT 2023","Sat Aug 05 16:04:35 GMT 2023","8151","tests","test_network_parameters","TestChainId","","","test_chainId[Test for Picasso]",""
"passed","Sat Aug 05 16:04:39 GMT 2023","Sat Aug 05 16:04:39 GMT 2023","573","tests","test_nodes_availability","","","","test_can_create_connection[Test for Picasso, url: wss://rpc.composablenodes.tech]",""
"passed","Sat Aug 05 16:05:06 GMT 2023","Sat Aug 05 16:05:09 GMT 2023","3748","tests","test_network_parameters","TestChainId","","","test_chainId[Test for Vara]",""
"passed","Sat Aug 05 16:04:36 GMT 2023","Sat Aug 05 16:04:41 GMT 2023","4381","tests","test_network_parameters","TestChainId","","","test_chainId[Test for Aleph Zero]",""
"passed","Sat Aug 05 16:05:06 GMT 2023","Sat Aug 05 16:05:19 GMT 2023","13081","tests","test_network_parameters","TestPrecision","","","test_precision[Test for Darwinia]",""
"passed","Sat Aug 05 16:20:01 GMT 2023","Sat Aug 05 16:20:02 GMT 2023","183","","io.novafoundation.nova.balances.BalancesIntegrationTest","","io.novafoundation.nova.balances.BalancesIntegrationTest","testBalancesLoading[Getting balance for Calamari network]","testBalancesLoading[Getting balance for Calamari network]",""
"passed","Sat Aug 05 16:20:05 GMT 2023","Sat Aug 05 16:20:05 GMT 2023","14","","io.novafoundation.nova.balances.BalancesIntegrationTest","","io.novafoundation.nova.balances.BalancesIntegrationTest","testBalancesLoading[Getting balance for Turing network]","testBalancesLoading[Getting balance for Turing network]",""
"passed","Sat Aug 05 16:04:39 GMT 2023","Sat Aug 05 16:04:49 GMT 2023","10192","tests","test_network_parameters","TestChainId","","","test_chainId[Test for Phala]",""
"passed","Sat Aug 05 16:04:35 GMT 2023","Sat Aug 05 16:04:35 GMT 2023","436","tests","test_nodes_availability","","","","test_can_create_connection[Test for Westend, url: wss://westend-rpc.polkadot.io]",""
"passed","Sat Aug 05 16:05:02 GMT 2023","Sat Aug 05 16:05:09 GMT 2023","6843","tests","test_check_new_assets","TestAssets","","","test_has_new_assets[Test for Pendulum]",""
"passed","Sat Aug 05 16:04:43 GMT 2023","Sat Aug 05 16:04:44 GMT 2023","576","tests","test_nodes_availability","","","","test_can_create_connection[Test for 3DPass, url: wss://rpc2.3dpass.org]",""
"passed","Sat Aug 05 16:04:40 GMT 2023","Sat Aug 05 16:04:41 GMT 2023","942","tests","test_nodes_availability","","","","test_can_create_connection[Test for Phala, url: wss://phala.api.onfinality.io/public-ws]",""
"passed","Sat Aug 05 16:05:19 GMT 2023","Sat Aug 05 16:05:23 GMT 2023","3642","tests","test_network_parameters","TestPrecision","","","test_precision[Test for Polkadot Collectives]",""
"passed","Sat Aug 05 16:04:42 GMT 2023","Sat Aug 05 16:04:42 GMT 2023","403","tests","test_nodes_availability","","","","test_can_create_connection[Test for Polymesh, url: wss://mainnet-rpc.polymesh.network]",""
"passed","Sat Aug 05 16:04:37 GMT 2023","Sat Aug 05 16:04:38 GMT 2023","529","tests","test_nodes_availability","","","","test_can_create_connection[Test for Parallel Heiko, url: wss://heiko-rpc.parallel.fi]",""
"passed","Sat Aug 05 16:20:04 GMT 2023","Sat Aug 05 16:20:04 GMT 2023","234","","io.novafoundation.nova.balances.BalancesIntegrationTest","","io.novafoundation.nova.balances.BalancesIntegrationTest","testBalancesLoading[Getting balance for Crust Shadow network]","testBalancesLoading[Getting balance for Crust Shadow network]",""
"passed","Sat Aug 05 16:04:34 GMT 2023","Sat Aug 05 16:04:35 GMT 2023","1002","tests","test_nodes_availability","","","","test_can_create_connection[Test for Shiden, url: wss://rpc.shiden.astar.network]",""
"passed","Sat Aug 05 16:04:09 GMT 2023","Sat Aug 05 16:04:18 GMT 2023","9635","tests","test_network_parameters","TestPrecision","","","test_precision[Test for Bit.Country Pioneer]",""
"passed","Sat Aug 05 16:04:37 GMT 2023","Sat Aug 05 16:04:46 GMT 2023","8870","tests","test_check_new_assets","TestAssets","","","test_has_new_assets[Test for Basilisk]",""
"passed","Sat Aug 05 16:20:08 GMT 2023","Sat Aug 05 16:20:08 GMT 2023","90","","io.novafoundation.nova.balances.BalancesIntegrationTest","","io.novafoundation.nova.balances.BalancesIntegrationTest","testBalancesLoading[Getting balance for Polymesh Mainnet network]","testBalancesLoading[Getting balance for Polymesh Mainnet network]",""
"passed","Sat Aug 05 16:04:43 GMT 2023","Sat Aug 05 16:04:44 GMT 2023","232","tests","test_nodes_availability","","","","test_can_create_connection[Test for GIANT, url: wss://rpc-anchor-1-giant-mainnet-ue1.giantprotocol.org:443]",""
"passed","Sat Aug 05 16:04:20 GMT 2023","Sat Aug 05 16:04:27 GMT 2023","7149","tests","test_check_new_assets","TestAssets","","","test_has_new_assets[Test for Westend]",""
"passed","Sat Aug 05 16:04:40 GMT 2023","Sat Aug 05 16:04:40 GMT 2023","389","tests","test_nodes_availability","","","","test_can_create_connection[Test for Phala, url: wss://api.phala.network/ws]",""
"passed","Sat Aug 05 16:19:59 GMT 2023","Sat Aug 05 16:19:59 GMT 2023","45","","io.novafoundation.nova.balances.BalancesIntegrationTest","","io.novafoundation.nova.balances.BalancesIntegrationTest","testBalancesLoading[Getting balance for Kusama network]","testBalancesLoading[Getting balance for Kusama network]",""
"passed","Sat Aug 05 16:05:07 GMT 2023","Sat Aug 05 16:05:15 GMT 2023","7864","tests","test_network_parameters","TestPrecision","","","test_precision[Test for Equilibrium]",""
"passed","Sat Aug 05 16:20:06 GMT 2023","Sat Aug 05 16:20:06 GMT 2023","131","","io.novafoundation.nova.balances.BalancesIntegrationTest","","io.novafoundation.nova.balances.BalancesIntegrationTest","testBalancesLoading[Getting balance for Altair network]","testBalancesLoading[Getting balance for Altair network]",""
"passed","Sat Aug 05 16:04:27 GMT 2023","Sat Aug 05 16:04:38 GMT 2023","10574","tests","test_check_new_assets","TestAssets","","","test_has_new_assets[Test for Shiden]",""
"passed","Sat Aug 05 16:04:43 GMT 2023","Sat Aug 05 16:04:43 GMT 2023","138","tests","test_nodes_availability","","","","test_can_create_connection[Test for Frequency, url: wss://1.rpc.frequency.xyz]",""
"passed","Sat Aug 05 16:04:18 GMT 2023","Sat Aug 05 16:04:27 GMT 2023","9234","tests","test_network_parameters","TestPrecision","","","test_precision[Test for KILT]",""
"passed","Sat Aug 05 16:04:33 GMT 2023","Sat Aug 05 16:04:40 GMT 2023","7062","tests","test_network_parameters","TestNetworkPrefix","","","test_address_prefix[Test for Encointer]",""
"passed","Sat Aug 05 16:20:05 GMT 2023","Sat Aug 05 16:20:05 GMT 2023","110","","io.novafoundation.nova.balances.BalancesIntegrationTest","","io.novafoundation.nova.balances.BalancesIntegrationTest","testBalancesLoading[Getting balance for Polkadex Solochain network]","testBalancesLoading[Getting balance for Polkadex Solochain network]",""
"passed","Sat Aug 05 16:04:49 GMT 2023","Sat Aug 05 16:04:54 GMT 2023","4608","tests","test_network_parameters","TestChainId","","","test_chainId[Test for Kabocha]",""
"passed","Sat Aug 05 16:04:16 GMT 2023","Sat Aug 05 16:04:17 GMT 2023","635","tests","test_eth_nodes_availability","TestETHNodesAvailability","","","test_rpc_node_work_fast[Test for Ethereum, url: https://eth.llamarpc.com]",""
"passed","Sat Aug 05 16:20:04 GMT 2023","Sat Aug 05 16:20:04 GMT 2023","102","","io.novafoundation.nova.balances.BalancesIntegrationTest","","io.novafoundation.nova.balances.BalancesIntegrationTest","testBalancesLoading[Getting balance for Westmint network]","testBalancesLoading[Getting balance for Westmint network]",""
"passed","Sat Aug 05 16:04:34 GMT 2023","Sat Aug 05 16:04:34 GMT 2023","270","tests","test_nodes_availability","","","","test_can_create_connection[Test for Moonriver, url: wss://moonriver.public.blastapi.io]",""
"passed","Sat Aug 05 16:05:18 GMT 2023","Sat Aug 05 16:05:30 GMT 2023","11860","tests","test_network_parameters","TestNetworkPrefix","","","test_address_prefix[Test for Crab]",""
"passed","Sat Aug 05 16:04:58 GMT 2023","Sat Aug 05 16:05:07 GMT 2023","8894","tests","test_network_parameters","TestChainId","","","test_chainId[Test for 3DPass]",""
"passed","Sat Aug 05 16:04:25 GMT 2023","Sat Aug 05 16:04:34 GMT 2023","9300","tests","test_network_parameters","TestNetworkPrefix","","","test_address_prefix[Test for Acala]",""
"passed","Sat Aug 05 16:20:08 GMT 2023","Sat Aug 05 16:20:08 GMT 2023","80","","io.novafoundation.nova.balances.BalancesIntegrationTest","","io.novafoundation.nova.balances.BalancesIntegrationTest","testBalancesLoading[Getting balance for Crust network]","testBalancesLoading[Getting balance for Crust network]",""
"passed","Sat Aug 05 16:05:19 GMT 2023","Sat Aug 05 16:05:27 GMT 2023","7690","tests","test_network_parameters","TestNetworkPrefix","","","test_address_prefix[Test for 3DPass]",""
"passed","Sat Aug 05 16:04:17 GMT 2023","Sat Aug 05 16:04:17 GMT 2023","526","tests","test_eth_nodes_availability","TestETHNodesAvailability","","","test_rpc_node_is_synced[Test for Ethereum, url: https://rpc.ankr.com/eth]",""
"passed","Sat Aug 05 16:20:03 GMT 2023","Sat Aug 05 16:20:03 GMT 2023","264","","io.novafoundation.nova.balances.BalancesIntegrationTest","","io.novafoundation.nova.balances.BalancesIntegrationTest","testBalancesLoading[Getting balance for Litmus network]","testBalancesLoading[Getting balance for Litmus network]",""
"passed","Sat Aug 05 16:05:14 GMT 2023","Sat Aug 05 16:05:18 GMT 2023","3927","tests","test_network_parameters","TestPrecision","","","test_precision[Test for Polkadot Bridge Hub]",""
"passed","Sat Aug 05 16:20:07 GMT 2023","Sat Aug 05 16:20:07 GMT 2023","110","","io.novafoundation.nova.balances.BalancesIntegrationTest","","io.novafoundation.nova.balances.BalancesIntegrationTest","testBalancesLoading[Getting balance for Moonbase Relay Testnet network]","testBalancesLoading[Getting balance for Moonbase Relay Testnet network]",""
"passed","Sat Aug 05 16:04:46 GMT 2023","Sat Aug 05 16:04:59 GMT 2023","12975","tests","test_network_parameters","TestPrecision","","","test_precision[Test for Litentry]",""
"passed","Sat Aug 05 16:05:08 GMT 2023","Sat Aug 05 16:05:09 GMT 2023","1180","tests","test_nodes_availability","","","","test_can_create_connection[Test for CLV Parachain, url: wss://rpc-para.clover.finance]",""
"passed","Sat Aug 05 16:04:43 GMT 2023","Sat Aug 05 16:04:45 GMT 2023","1747","tests","test_nodes_availability","","","","test_can_create_connection[Test for Crab, url: wss://crab-rpc.darwinia.network/]",""
"passed","Sat Aug 05 16:04:16 GMT 2023","Sat Aug 05 16:04:18 GMT 2023","1208","tests","test_eth_nodes_availability","TestETHNodesAvailability","","","test_rpc_node_work_fast[Test for Ethereum, url: https://1rpc.io/eth]",""
"passed","Sat Aug 05 16:04:58 GMT 2023","Sat Aug 05 16:05:06 GMT 2023","7636","tests","test_network_parameters","TestPrecision","","","test_precision[Test for Crust]",""
