"Status","Start Time","Stop Time","Duration in ms","Parent Suite","Suite","Sub Suite","Test Class","Test Method","Name","Description"
"passed","Sun Feb 26 16:11:12 GMT 2023","Sun Feb 26 16:11:14 GMT 2023","1812","tests","test_network_parameters","TestPrecision","","","test_precision[Test for Imbue]",""
"passed","Sun Feb 26 16:14:33 GMT 2023","Sun Feb 26 16:14:33 GMT 2023","136","","io.novafoundation.nova.balances.BalancesIntegrationTest","","io.novafoundation.nova.balances.BalancesIntegrationTest","testBalancesLoading[Getting balance for Centrifuge Parachain network]","testBalancesLoading[Getting balance for Centrifuge Parachain network]",""
"passed","Sun Feb 26 16:07:21 GMT 2023","Sun Feb 26 16:07:26 GMT 2023","5258","tests","test_network_parameters","TestChainId","","","test_chainId[Test for Statemine]",""
"passed","Sun Feb 26 16:04:24 GMT 2023","Sun Feb 26 16:04:28 GMT 2023","4225","tests","test_network_parameters","TestNetworkPrefix","","","test_address_prefix[Test for Altair]",""
"broken","Sun Feb 26 16:11:08 GMT 2023","Sun Feb 26 16:11:10 GMT 2023","2011","tests","test_network_parameters","TestPrecision","","","test_precision[Test for Tanganika]",""
"passed","Sun Feb 26 16:14:31 GMT 2023","Sun Feb 26 16:14:31 GMT 2023","147","","io.novafoundation.nova.balances.BalancesIntegrationTest","","io.novafoundation.nova.balances.BalancesIntegrationTest","testBalancesLoading[Getting balance for Khala network]","testBalancesLoading[Getting balance for Khala network]",""
"passed","Sun Feb 26 16:10:15 GMT 2023","Sun Feb 26 16:10:18 GMT 2023","2319","tests","test_network_parameters","TestPrecision","","","test_precision[Test for Altair]",""
"passed","Sun Feb 26 16:04:19 GMT 2023","Sun Feb 26 16:04:20 GMT 2023","739","tests","test_nodes_availability","","","","test_can_create_connection[Test for Integritee Parachain, url: wss://integritee-kusama.api.onfinality.io/public-ws]",""
"passed","Sun Feb 26 16:07:19 GMT 2023","Sun Feb 26 16:07:23 GMT 2023","4783","tests","test_network_parameters","TestChainId","","","test_chainId[Test for OriginTrail Parachain]",""
"passed","Sun Feb 26 16:11:18 GMT 2023","Sun Feb 26 16:11:22 GMT 2023","3911","tests","test_network_parameters","TestPrecision","","","test_precision[Test for XX network]",""
"passed","Sun Feb 26 16:03:54 GMT 2023","Sun Feb 26 16:03:54 GMT 2023","817","tests","test_nodes_availability","","","","test_can_create_connection[Test for Parallel, url: wss://rpc.parallel.fi]",""
"passed","Sun Feb 26 16:14:33 GMT 2023","Sun Feb 26 16:14:33 GMT 2023","78","","io.novafoundation.nova.balances.BalancesIntegrationTest","","io.novafoundation.nova.balances.BalancesIntegrationTest","testBalancesLoading[Getting balance for KICO network]","testBalancesLoading[Getting balance for KICO network]",""
"passed","Sun Feb 26 16:04:08 GMT 2023","Sun Feb 26 16:04:10 GMT 2023","2566","tests","test_network_parameters","TestNetworkPrefix","","","test_address_prefix[Test for Moonriver]",""
"passed","Sun Feb 26 16:14:33 GMT 2023","Sun Feb 26 16:14:34 GMT 2023","130","","io.novafoundation.nova.balances.BalancesIntegrationTest","","io.novafoundation.nova.balances.BalancesIntegrationTest","testBalancesLoading[Getting balance for Encointer network]","testBalancesLoading[Getting balance for Encointer network]",""
"passed","Sun Feb 26 16:10:51 GMT 2023","Sun Feb 26 16:10:53 GMT 2023","2195","tests","test_network_parameters","TestPrecision","","","test_precision[Test for Bifrost Polkadot]",""
"passed","Sun Feb 26 16:04:08 GMT 2023","Sun Feb 26 16:04:09 GMT 2023","335","tests","test_nodes_availability","","","","test_can_create_connection[Test for QUARTZ, url: wss://quartz.unique.network]",""
"passed","Sun Feb 26 16:06:51 GMT 2023","Sun Feb 26 16:06:58 GMT 2023","6711","tests","test_network_parameters","TestNetworkPrefix","","","test_address_prefix[Test for Pendulum]",""
"passed","Sun Feb 26 16:05:29 GMT 2023","Sun Feb 26 16:05:37 GMT 2023","7306","tests","test_network_parameters","TestNetworkPrefix","","","test_address_prefix[Test for Kintsugi]",""
"passed","Sun Feb 26 16:04:06 GMT 2023","Sun Feb 26 16:04:07 GMT 2023","771","tests","test_nodes_availability","","","","test_can_create_connection[Test for Khala, url: wss://khala-rpc.dwellir.com]",""
"passed","Sun Feb 26 16:08:44 GMT 2023","Sun Feb 26 16:08:49 GMT 2023","4874","tests","test_network_parameters","TestChainId","","","test_chainId[Test for Amplitude]",""
"passed","Sun Feb 26 16:14:34 GMT 2023","Sun Feb 26 16:14:35 GMT 2023","52","","io.novafoundation.nova.balances.BalancesIntegrationTest","","io.novafoundation.nova.balances.BalancesIntegrationTest","testBalancesLoading[Getting balance for Nodle Parachain network]","testBalancesLoading[Getting balance for Nodle Parachain network]",""
"passed","Sun Feb 26 16:03:52 GMT 2023","Sun Feb 26 16:03:53 GMT 2023","742","tests","test_nodes_availability","","","","test_can_create_connection[Test for Altair, url: wss://altair.api.onfinality.io/public-ws]",""
"passed","Sun Feb 26 16:14:34 GMT 2023","Sun Feb 26 16:14:34 GMT 2023","165","","io.novafoundation.nova.balances.BalancesIntegrationTest","","io.novafoundation.nova.balances.BalancesIntegrationTest","testBalancesLoading[Getting balance for HydraDX network]","testBalancesLoading[Getting balance for HydraDX network]",""
"passed","Sun Feb 26 16:14:33 GMT 2023","Sun Feb 26 16:14:33 GMT 2023","139","","io.novafoundation.nova.balances.BalancesIntegrationTest","","io.novafoundation.nova.balances.BalancesIntegrationTest","testBalancesLoading[Getting balance for Westmint network]","testBalancesLoading[Getting balance for Westmint network]",""
"passed","Sun Feb 26 16:07:02 GMT 2023","Sun Feb 26 16:07:15 GMT 2023","12888","tests","test_network_parameters","TestChainId","","","test_chainId[Test for Kusama]",""
"passed","Sun Feb 26 16:04:24 GMT 2023","Sun Feb 26 16:04:25 GMT 2023","693","tests","test_nodes_availability","","","","test_can_create_connection[Test for Mangata X, url: wss://prod-kusama-collator-01.mangatafinance.cloud]",""
"passed","Sun Feb 26 16:10:22 GMT 2023","Sun Feb 26 16:10:24 GMT 2023","2253","tests","test_network_parameters","TestPrecision","","","test_precision[Test for KILT]",""
"passed","Sun Feb 26 16:14:38 GMT 2023","Sun Feb 26 16:14:38 GMT 2023","39","","io.novafoundation.nova.balances.BalancesIntegrationTest","","io.novafoundation.nova.balances.BalancesIntegrationTest","testBalancesLoading[Getting balance for Kylin network]","testBalancesLoading[Getting balance for Kylin network]",""
"passed","Sun Feb 26 16:14:37 GMT 2023","Sun Feb 26 16:14:37 GMT 2023","143","","io.novafoundation.nova.balances.BalancesIntegrationTest","","io.novafoundation.nova.balances.BalancesIntegrationTest","testBalancesLoading[Getting balance for GM network]","testBalancesLoading[Getting balance for GM network]",""
"passed","Sun Feb 26 16:10:18 GMT 2023","Sun Feb 26 16:10:20 GMT 2023","2555","tests","test_network_parameters","TestPrecision","","","test_precision[Test for CLV Parachain]",""
"broken","Sun Feb 26 16:04:13 GMT 2023","Sun Feb 26 16:04:13 GMT 2023","70","tests","test_nodes_availability","","","","test_can_create_connection[Test for Picasso, url: wss://picasso-rpc.dwellir.com]",""
"passed","Sun Feb 26 16:05:04 GMT 2023","Sun Feb 26 16:05:08 GMT 2023","4432","tests","test_network_parameters","TestNetworkPrefix","","","test_address_prefix[Test for Dora Factory]",""
"broken","Sun Feb 26 16:05:41 GMT 2023","Sun Feb 26 16:05:42 GMT 2023","1061","tests","test_network_parameters","TestNetworkPrefix","","","test_address_prefix[Test for Tanganika]",""
"passed","Sun Feb 26 16:07:06 GMT 2023","Sun Feb 26 16:07:11 GMT 2023","4897","tests","test_network_parameters","TestChainId","","","test_chainId[Test for Composable Finance]",""
"passed","Sun Feb 26 16:05:40 GMT 2023","Sun Feb 26 16:05:41 GMT 2023","1565","tests","test_network_parameters","TestChainId","","","test_chainId[Test for Statemint]",""
"passed","Sun Feb 26 16:04:10 GMT 2023","Sun Feb 26 16:04:11 GMT 2023","904","tests","test_nodes_availability","","","","test_can_create_connection[Test for QUARTZ, url: wss://asia-ws-quartz.unique.network]",""
"passed","Sun Feb 26 16:14:36 GMT 2023","Sun Feb 26 16:14:37 GMT 2023","243","","io.novafoundation.nova.balances.BalancesIntegrationTest","","io.novafoundation.nova.balances.BalancesIntegrationTest","testBalancesLoading[Getting balance for Dora Factory network]","testBalancesLoading[Getting balance for Dora Factory network]",""
"passed","Sun Feb 26 16:06:55 GMT 2023","Sun Feb 26 16:07:03 GMT 2023","7489","tests","test_network_parameters","TestChainId","","","test_chainId[Test for Turing]",""
"passed","Sun Feb 26 16:14:30 GMT 2023","Sun Feb 26 16:14:30 GMT 2023","118","","io.novafoundation.nova.balances.BalancesIntegrationTest","","io.novafoundation.nova.balances.BalancesIntegrationTest","testBalancesLoading[Getting balance for Westend network]","testBalancesLoading[Getting balance for Westend network]",""
"passed","Sun Feb 26 16:10:33 GMT 2023","Sun Feb 26 16:10:35 GMT 2023","2207","tests","test_network_parameters","TestPrecision","","","test_precision[Test for Subsocial]",""
"passed","Sun Feb 26 16:03:42 GMT 2023","Sun Feb 26 16:03:43 GMT 2023","927","tests","test_nodes_availability","","","","test_can_create_connection[Test for Polkadot, url: wss://polkadot-rpc.dwellir.com]",""
"passed","Sun Feb 26 16:10:35 GMT 2023","Sun Feb 26 16:10:38 GMT 2023","2239","tests","test_network_parameters","TestPrecision","","","test_precision[Test for Crust Shadow]",""
"passed","Sun Feb 26 16:10:49 GMT 2023","Sun Feb 26 16:10:52 GMT 2023","2196","tests","test_network_parameters","TestPrecision","","","test_precision[Test for Mangata X]",""
"passed","Sun Feb 26 16:03:58 GMT 2023","Sun Feb 26 16:03:59 GMT 2023","891","tests","test_nodes_availability","","","","test_can_create_connection[Test for Robonomics, url: wss://kusama.rpc.robonomics.network/]",""
"passed","Sun Feb 26 16:04:26 GMT 2023","Sun Feb 26 16:04:28 GMT 2023","1842","tests","test_network_parameters","TestNetworkPrefix","","","test_address_prefix[Test for Nodle Parachain]",""
"passed","Sun Feb 26 16:14:35 GMT 2023","Sun Feb 26 16:14:35 GMT 2023","137","","io.novafoundation.nova.balances.BalancesIntegrationTest","","io.novafoundation.nova.balances.BalancesIntegrationTest","testBalancesLoading[Getting balance for Phala network]","testBalancesLoading[Getting balance for Phala network]",""
"passed","Sun Feb 26 16:04:00 GMT 2023","Sun Feb 26 16:04:01 GMT 2023","495","tests","test_nodes_availability","","","","test_can_create_connection[Test for Encointer, url: wss://encointer.api.onfinality.io/public-ws]",""
"passed","Sun Feb 26 16:07:40 GMT 2023","Sun Feb 26 16:07:46 GMT 2023","5609","tests","test_network_parameters","TestChainId","","","test_chainId[Test for UNIQUE]",""
"passed","Sun Feb 26 16:03:54 GMT 2023","Sun Feb 26 16:03:55 GMT 2023","985","tests","test_nodes_availability","","","","test_can_create_connection[Test for CLV Parachain, url: wss://rpc-para.clover.finance]",""
"passed","Sun Feb 26 16:05:49 GMT 2023","Sun Feb 26 16:05:53 GMT 2023","3912","tests","test_network_parameters","TestNetworkPrefix","","","test_address_prefix[Test for Tinkernet]",""
"passed","Sun Feb 26 16:03:46 GMT 2023","Sun Feb 26 16:03:47 GMT 2023","742","tests","test_nodes_availability","","","","test_can_create_connection[Test for Westend, url: wss://westend-rpc.dwellir.com]",""
"passed","Sun Feb 26 16:06:20 GMT 2023","Sun Feb 26 16:06:25 GMT 2023","4762","tests","test_network_parameters","TestNetworkPrefix","","","test_address_prefix[Test for Darwinia]",""
"passed","Sun Feb 26 16:09:50 GMT 2023","Sun Feb 26 16:09:52 GMT 2023","1880","tests","test_network_parameters","TestPrecision","","","test_precision[Test for Polkadot]",""
"passed","Sun Feb 26 16:14:31 GMT 2023","Sun Feb 26 16:14:31 GMT 2023","27","","io.novafoundation.nova.balances.BalancesIntegrationTest","","io.novafoundation.nova.balances.BalancesIntegrationTest","testBalancesLoading[Getting balance for Calamari network]","testBalancesLoading[Getting balance for Calamari network]",""
"passed","Sun Feb 26 16:03:46 GMT 2023","Sun Feb 26 16:03:46 GMT 2023","738","tests","test_nodes_availability","","","","test_can_create_connection[Test for Westend, url: wss://westend.api.onfinality.io/public-ws]",""
"passed","Sun Feb 26 16:04:21 GMT 2023","Sun Feb 26 16:04:21 GMT 2023","689","tests","test_nodes_availability","","","","test_can_create_connection[Test for Composable Finance, url: wss://rpc.composable.finance]",""
"passed","Sun Feb 26 16:14:32 GMT 2023","Sun Feb 26 16:14:32 GMT 2023","53","","io.novafoundation.nova.balances.BalancesIntegrationTest","","io.novafoundation.nova.balances.BalancesIntegrationTest","testBalancesLoading[Getting balance for QUARTZ network]","testBalancesLoading[Getting balance for QUARTZ network]",""
"passed","Sun Feb 26 16:04:20 GMT 2023","Sun Feb 26 16:04:21 GMT 2023","351","tests","test_nodes_availability","","","","test_can_create_connection[Test for Aleph Zero, url: wss://ws.azero.dev]",""
"passed","Sun Feb 26 16:09:29 GMT 2023","Sun Feb 26 16:09:35 GMT 2023","6422","tests","test_network_parameters","TestChainId","","","test_chainId[Test for Snow]",""
"passed","Sun Feb 26 16:05:02 GMT 2023","Sun Feb 26 16:05:03 GMT 2023","756","tests","test_nodes_availability","","","","test_can_create_connection[Test for Darwinia, url: wss://darwinia-rpc.dwellir.com]",""
"passed","Sun Feb 26 16:04:19 GMT 2023","Sun Feb 26 16:04:24 GMT 2023","5202","tests","test_network_parameters","TestNetworkPrefix","","","test_address_prefix[Test for Basilisk]",""
"passed","Sun Feb 26 16:03:50 GMT 2023","Sun Feb 26 16:03:51 GMT 2023","742","tests","test_nodes_availability","","","","test_can_create_connection[Test for Karura, url: wss://karura-rpc-0.aca-api.network]",""
"passed","Sun Feb 26 16:04:00 GMT 2023","Sun Feb 26 16:04:00 GMT 2023","804","tests","test_nodes_availability","","","","test_can_create_connection[Test for Encointer, url: wss://api.kusama.encointer.org]",""
"passed","Sun Feb 26 16:09:18 GMT 2023","Sun Feb 26 16:09:23 GMT 2023","5535","tests","test_network_parameters","TestChainId","","","test_chainId[Test for Kapex]",""
"passed","Sun Feb 26 16:06:42 GMT 2023","Sun Feb 26 16:06:47 GMT 2023","5279","tests","test_network_parameters","TestChainId","","","test_chainId[Test for Interlay]",""
"passed","Sun Feb 26 16:09:58 GMT 2023","Sun Feb 26 16:10:01 GMT 2023","2251","tests","test_network_parameters","TestPrecision","","","test_precision[Test for Karura]",""
"passed","Sun Feb 26 16:14:31 GMT 2023","Sun Feb 26 16:14:31 GMT 2023","117","","io.novafoundation.nova.balances.BalancesIntegrationTest","","io.novafoundation.nova.balances.BalancesIntegrationTest","testBalancesLoading[Getting balance for KILT Spiritnet network]","testBalancesLoading[Getting balance for KILT Spiritnet network]",""
"passed","Sun Feb 26 16:14:37 GMT 2023","Sun Feb 26 16:14:37 GMT 2023","118","","io.novafoundation.nova.balances.BalancesIntegrationTest","","io.novafoundation.nova.balances.BalancesIntegrationTest","testBalancesLoading[Getting balance for Moonbase Relay Testnet network]","testBalancesLoading[Getting balance for Moonbase Relay Testnet network]",""
"passed","Sun Feb 26 16:04:07 GMT 2023","Sun Feb 26 16:04:07 GMT 2023","841","tests","test_nodes_availability","","","","test_can_create_connection[Test for KILT, url: wss://spiritnet.kilt.io/]",""
"passed","Sun Feb 26 16:04:38 GMT 2023","Sun Feb 26 16:04:38 GMT 2023","682","tests","test_nodes_availability","","","","test_can_create_connection[Test for Tanganika, url: wss://tanganika.datahighway.com]",""
"passed","Sun Feb 26 16:10:46 GMT 2023","Sun Feb 26 16:10:49 GMT 2023","2828","tests","test_network_parameters","TestPrecision","","","test_precision[Test for Polkadex]",""
"broken","Sun Feb 26 16:08:22 GMT 2023","Sun Feb 26 16:08:24 GMT 2023","1653","tests","test_network_parameters","TestChainId","","","test_chainId[Test for Tanganika]",""
"passed","Sun Feb 26 16:04:14 GMT 2023","Sun Feb 26 16:04:19 GMT 2023","4353","tests","test_network_parameters","TestNetworkPrefix","","","test_address_prefix[Test for Bifrost Kusama]",""
"passed","Sun Feb 26 16:04:14 GMT 2023","Sun Feb 26 16:04:18 GMT 2023","3286","tests","test_network_parameters","TestNetworkPrefix","","","test_address_prefix[Test for Efinity]",""
"passed","Sun Feb 26 16:05:21 GMT 2023","Sun Feb 26 16:05:25 GMT 2023","4229","tests","test_network_parameters","TestNetworkPrefix","","","test_address_prefix[Test for Robonomics]",""
"passed","Sun Feb 26 16:04:18 GMT 2023","Sun Feb 26 16:04:18 GMT 2023","926","tests","test_nodes_availability","","","","test_can_create_connection[Test for Nodle Parachain, url: wss://eden-rpc.dwellir.com]",""
"passed","Sun Feb 26 16:04:24 GMT 2023","Sun Feb 26 16:04:25 GMT 2023","927","tests","test_nodes_availability","","","","test_can_create_connection[Test for Litentry, url: wss://rpc.litentry-parachain.litentry.io]",""
"passed","Sun Feb 26 16:14:37 GMT 2023","Sun Feb 26 16:14:37 GMT 2023","29","","io.novafoundation.nova.balances.BalancesIntegrationTest","","io.novafoundation.nova.balances.BalancesIntegrationTest","testBalancesLoading[Getting balance for Pichiu network]","testBalancesLoading[Getting balance for Pichiu network]",""
"passed","Sun Feb 26 16:14:29 GMT 2023","Sun Feb 26 16:14:30 GMT 2023","148","","io.novafoundation.nova.balances.BalancesIntegrationTest","","io.novafoundation.nova.balances.BalancesIntegrationTest","testBalancesLoading[Getting balance for Kusama network]","testBalancesLoading[Getting balance for Kusama network]",""
"passed","Sun Feb 26 16:09:23 GMT 2023","Sun Feb 26 16:09:29 GMT 2023","5464","tests","test_network_parameters","TestChainId","","","test_chainId[Test for Polymesh]",""
"passed","Sun Feb 26 16:05:24 GMT 2023","Sun Feb 26 16:05:30 GMT 2023","5897","tests","test_network_parameters","TestNetworkPrefix","","","test_address_prefix[Test for Kabocha]",""
"passed","Sun Feb 26 16:14:31 GMT 2023","Sun Feb 26 16:14:31 GMT 2023","152","","io.novafoundation.nova.balances.BalancesIntegrationTest","","io.novafoundation.nova.balances.BalancesIntegrationTest","testBalancesLoading[Getting balance for Astar network]","testBalancesLoading[Getting balance for Astar network]",""
"passed","Sun Feb 26 16:03:45 GMT 2023","Sun Feb 26 16:03:46 GMT 2023","623","tests","test_nodes_availability","","","","test_can_create_connection[Test for Westend, url: wss://westend-rpc.polkadot.io]",""
"passed","Sun Feb 26 16:08:04 GMT 2023","Sun Feb 26 16:08:11 GMT 2023","6455","tests","test_network_parameters","TestChainId","","","test_chainId[Test for Altair]",""
"passed","Sun Feb 26 16:03:59 GMT 2023","Sun Feb 26 16:04:03 GMT 2023","3661","tests","test_network_parameters","TestNetworkPrefix","","","test_address_prefix[Test for Subsocial]",""
"passed","Sun Feb 26 16:07:51 GMT 2023","Sun Feb 26 16:07:57 GMT 2023","5267","tests","test_network_parameters","TestChainId","","","test_chainId[Test for Mangata X]",""
"passed","Sun Feb 26 16:05:16 GMT 2023","Sun Feb 26 16:05:17 GMT 2023","677","tests","test_nodes_availability","","","","test_can_create_connection[Test for XX network, url: wss://xx.api.onfinality.io/public-ws]",""
"passed","Sun Feb 26 16:04:15 GMT 2023","Sun Feb 26 16:04:16 GMT 2023","944","tests","test_nodes_availability","","","","test_can_create_connection[Test for Crab, url: wss://crab-parachain-rpc.darwinia.network/]",""
"passed","Sun Feb 26 16:04:25 GMT 2023","Sun Feb 26 16:04:26 GMT 2023","724","tests","test_nodes_availability","","","","test_can_create_connection[Test for Mangata X, url: wss://mangata-x.api.onfinality.io/public-ws]",""
"passed","Sun Feb 26 16:14:47 GMT 2023","Sun Feb 26 16:14:47 GMT 2023","115","","io.novafoundation.nova.balances.BalancesIntegrationTest","","io.novafoundation.nova.balances.BalancesIntegrationTest","testBalancesLoading[Getting balance for Snow network]","testBalancesLoading[Getting balance for Snow network]",""
"passed","Sun Feb 26 16:04:59 GMT 2023","Sun Feb 26 16:05:04 GMT 2023","4082","tests","test_network_parameters","TestNetworkPrefix","","","test_address_prefix[Test for UNIQUE]",""
"passed","Sun Feb 26 16:04:13 GMT 2023","Sun Feb 26 16:04:14 GMT 2023","727","tests","test_nodes_availability","","","","test_can_create_connection[Test for Acala, url: wss://acala-rpc-1.aca-api.network]",""
"passed","Sun Feb 26 16:10:32 GMT 2023","Sun Feb 26 16:10:34 GMT 2023","2263","tests","test_network_parameters","TestPrecision","","","test_precision[Test for Zeitgeist]",""
"passed","Sun Feb 26 16:14:29 GMT 2023","Sun Feb 26 16:14:29 GMT 2023","40","","io.novafoundation.nova.balances.BalancesIntegrationTest","","io.novafoundation.nova.balances.BalancesIntegrationTest","testBalancesLoading[Getting balance for Polkadot network]","testBalancesLoading[Getting balance for Polkadot network]",""
"passed","Sun Feb 26 16:04:38 GMT 2023","Sun Feb 26 16:04:42 GMT 2023","3581","tests","test_network_parameters","TestNetworkPrefix","","","test_address_prefix[Test for Composable Finance]",""
"passed","Sun Feb 26 16:10:45 GMT 2023","Sun Feb 26 16:10:47 GMT 2023","2338","tests","test_network_parameters","TestPrecision","","","test_precision[Test for Composable Finance]",""
"passed","Sun Feb 26 16:07:11 GMT 2023","Sun Feb 26 16:07:19 GMT 2023","7434","tests","test_network_parameters","TestChainId","","","test_chainId[Test for Polkadex]",""
"passed","Sun Feb 26 16:10:58 GMT 2023","Sun Feb 26 16:11:00 GMT 2023","2047","tests","test_network_parameters","TestPrecision","","","test_precision[Test for Tinkernet]",""
"passed","Sun Feb 26 16:04:14 GMT 2023","Sun Feb 26 16:04:15 GMT 2023","404","tests","test_nodes_availability","","","","test_can_create_connection[Test for Acala, url: wss://acala-rpc-3.aca-api.network/ws]",""
"passed","Sun Feb 26 16:07:52 GMT 2023","Sun Feb 26 16:07:58 GMT 2023","6590","tests","test_network_parameters","TestChainId","","","test_chainId[Test for Bifrost Kusama]",""
"passed","Sun Feb 26 16:10:41 GMT 2023","Sun Feb 26 16:10:43 GMT 2023","1896","tests","test_network_parameters","TestPrecision","","","test_precision[Test for Turing]",""
"passed","Sun Feb 26 16:10:53 GMT 2023","Sun Feb 26 16:10:56 GMT 2023","2379","tests","test_network_parameters","TestPrecision","","","test_precision[Test for Kabocha]",""
"broken","Sun Feb 26 16:06:59 GMT 2023","Sun Feb 26 16:09:10 GMT 2023","131189","tests","test_nodes_availability","","","","test_can_create_connection[Test for GM, url: wss://ws-node-gm.terrabiodao.org]",""
"passed","Sun Feb 26 16:11:11 GMT 2023","Sun Feb 26 16:11:13 GMT 2023","2226","tests","test_network_parameters","TestPrecision","","","test_precision[Test for Darwinia]",""
"passed","Sun Feb 26 16:11:16 GMT 2023","Sun Feb 26 16:11:18 GMT 2023","2293","tests","test_network_parameters","TestPrecision","","","test_precision[Test for Snow]",""
"passed","Sun Feb 26 16:04:09 GMT 2023","Sun Feb 26 16:04:09 GMT 2023","658","tests","test_nodes_availability","","","","test_can_create_connection[Test for QUARTZ, url: wss://eu-ws-quartz.unique.network]",""
"passed","Sun Feb 26 16:03:57 GMT 2023","Sun Feb 26 16:04:01 GMT 2023","3754","tests","test_network_parameters","TestNetworkPrefix","","","test_address_prefix[Test for Statemine]",""
"passed","Sun Feb 26 16:14:34 GMT 2023","Sun Feb 26 16:14:34 GMT 2023","243","","io.novafoundation.nova.balances.BalancesIntegrationTest","","io.novafoundation.nova.balances.BalancesIntegrationTest","testBalancesLoading[Getting balance for Crust Shadow network]","testBalancesLoading[Getting balance for Crust Shadow network]",""
"passed","Sun Feb 26 16:03:52 GMT 2023","Sun Feb 26 16:03:52 GMT 2023","461","tests","test_nodes_availability","","","","test_can_create_connection[Test for Astar, url: wss://rpc.astar.network]",""
"passed","Sun Feb 26 16:11:04 GMT 2023","Sun Feb 26 16:11:06 GMT 2023","2146","tests","test_network_parameters","TestPrecision","","","test_precision[Test for Ternoa]",""
"passed","Sun Feb 26 16:10:01 GMT 2023","Sun Feb 26 16:10:03 GMT 2023","2076","tests","test_network_parameters","TestPrecision","","","test_precision[Test for Moonbeam]",""
"passed","Sun Feb 26 16:14:33 GMT 2023","Sun Feb 26 16:14:33 GMT 2023","122","","io.novafoundation.nova.balances.BalancesIntegrationTest","","io.novafoundation.nova.balances.BalancesIntegrationTest","testBalancesLoading[Getting balance for Moonbase Alpha network]","testBalancesLoading[Getting balance for Moonbase Alpha network]",""
"passed","Sun Feb 26 16:10:06 GMT 2023","Sun Feb 26 16:10:08 GMT 2023","1974","tests","test_network_parameters","TestPrecision","","","test_precision[Test for QUARTZ]",""
"passed","Sun Feb 26 16:05:59 GMT 2023","Sun Feb 26 16:06:04 GMT 2023","5484","tests","test_network_parameters","TestChainId","","","test_chainId[Test for Litmus]",""
"passed","Sun Feb 26 16:07:57 GMT 2023","Sun Feb 26 16:08:05 GMT 2023","8563","tests","test_network_parameters","TestChainId","","","test_chainId[Test for Pichiu]",""
"passed","Sun Feb 26 16:10:27 GMT 2023","Sun Feb 26 16:10:28 GMT 2023","1736","tests","test_network_parameters","TestPrecision","","","test_precision[Test for KICO]",""
"passed","Sun Feb 26 16:14:38 GMT 2023","Sun Feb 26 16:14:38 GMT 2023","28","","io.novafoundation.nova.balances.BalancesIntegrationTest","","io.novafoundation.nova.balances.BalancesIntegrationTest","testBalancesLoading[Getting balance for Amplitude network]","testBalancesLoading[Getting balance for Amplitude network]",""
"passed","Sun Feb 26 16:14:47 GMT 2023","Sun Feb 26 16:14:47 GMT 2023","117","","io.novafoundation.nova.balances.BalancesIntegrationTest","","io.novafoundation.nova.balances.BalancesIntegrationTest","testBalancesLoading[Getting balance for DAO IPCI network]","testBalancesLoading[Getting balance for DAO IPCI network]",""
"passed","Sun Feb 26 16:14:36 GMT 2023","Sun Feb 26 16:14:36 GMT 2023","118","","io.novafoundation.nova.balances.BalancesIntegrationTest","","io.novafoundation.nova.balances.BalancesIntegrationTest","testBalancesLoading[Getting balance for UNIQUE network]","testBalancesLoading[Getting balance for UNIQUE network]",""
"passed","Sun Feb 26 16:04:16 GMT 2023","Sun Feb 26 16:04:17 GMT 2023","686","tests","test_nodes_availability","","","","test_can_create_connection[Test for Subsocial, url: wss://para.f3joule.space]",""
"passed","Sun Feb 26 16:09:35 GMT 2023","Sun Feb 26 16:09:46 GMT 2023","11308","tests","test_network_parameters","TestChainId","","","test_chainId[Test for DAO IPCI]",""
"passed","Sun Feb 26 16:03:56 GMT 2023","Sun Feb 26 16:03:57 GMT 2023","724","tests","test_nodes_availability","","","","test_can_create_connection[Test for Statemint, url: wss://statemint.api.onfinality.io/public-ws]",""
"passed","Sun Feb 26 16:14:37 GMT 2023","Sun Feb 26 16:14:37 GMT 2023","119","","io.novafoundation.nova.balances.BalancesIntegrationTest","","io.novafoundation.nova.balances.BalancesIntegrationTest","testBalancesLoading[Getting balance for Kabocha network]","testBalancesLoading[Getting balance for Kabocha network]",""
"passed","Sun Feb 26 16:08:11 GMT 2023","Sun Feb 26 16:08:17 GMT 2023","6558","tests","test_network_parameters","TestChainId","","","test_chainId[Test for Parallel Heiko]",""
"passed","Sun Feb 26 16:10:30 GMT 2023","Sun Feb 26 16:10:32 GMT 2023","2412","tests","test_network_parameters","TestPrecision","","","test_precision[Test for Picasso]",""
"passed","Sun Feb 26 16:04:49 GMT 2023","Sun Feb 26 16:04:55 GMT 2023","6153","tests","test_network_parameters","TestNetworkPrefix","","","test_address_prefix[Test for Bifrost Polkadot]",""
"passed","Sun Feb 26 16:14:30 GMT 2023","Sun Feb 26 16:14:30 GMT 2023","33","","io.novafoundation.nova.balances.BalancesIntegrationTest","","io.novafoundation.nova.balances.BalancesIntegrationTest","testBalancesLoading[Getting balance for Moonriver network]","testBalancesLoading[Getting balance for Moonriver network]",""
"passed","Sun Feb 26 16:14:35 GMT 2023","Sun Feb 26 16:14:35 GMT 2023","152","","io.novafoundation.nova.balances.BalancesIntegrationTest","","io.novafoundation.nova.balances.BalancesIntegrationTest","testBalancesLoading[Getting balance for Polkadex Solochain network]","testBalancesLoading[Getting balance for Polkadex Solochain network]",""
"passed","Sun Feb 26 16:14:36 GMT 2023","Sun Feb 26 16:14:36 GMT 2023","231","","io.novafoundation.nova.balances.BalancesIntegrationTest","","io.novafoundation.nova.balances.BalancesIntegrationTest","testBalancesLoading[Getting balance for Bifrost Polkadot network]","testBalancesLoading[Getting balance for Bifrost Polkadot network]",""
"passed","Sun Feb 26 16:08:24 GMT 2023","Sun Feb 26 16:08:29 GMT 2023","5424","tests","test_network_parameters","TestChainId","","","test_chainId[Test for Bajun]",""
"passed","Sun Feb 26 16:04:37 GMT 2023","Sun Feb 26 16:04:38 GMT 2023","633","tests","test_nodes_availability","","","","test_can_create_connection[Test for Tinkernet, url: wss://invarch-tinkernet.api.onfinality.io/public-ws]",""
"passed","Sun Feb 26 16:04:21 GMT 2023","Sun Feb 26 16:04:21 GMT 2023","429","tests","test_nodes_availability","","","","test_can_create_connection[Test for Efinity, url: wss://rpc.efinity.io]",""
"passed","Sun Feb 26 16:04:16 GMT 2023","Sun Feb 26 16:04:17 GMT 2023","745","tests","test_nodes_availability","","","","test_can_create_connection[Test for Interlay, url: wss://interlay.api.onfinality.io/public-ws]",""
"passed","Sun Feb 26 16:04:05 GMT 2023","Sun Feb 26 16:04:06 GMT 2023","481","tests","test_nodes_availability","","","","test_can_create_connection[Test for Khala, url: wss://khala.api.onfinality.io/public-ws]",""
"passed","Sun Feb 26 16:11:13 GMT 2023","Sun Feb 26 16:11:16 GMT 2023","2112","tests","test_network_parameters","TestPrecision","","","test_precision[Test for Kapex]",""
"passed","Sun Feb 26 16:03:55 GMT 2023","Sun Feb 26 16:03:59 GMT 2023","4000","tests","test_network_parameters","TestNetworkPrefix","","","test_address_prefix[Test for Crab]",""
"passed","Sun Feb 26 16:03:53 GMT 2023","Sun Feb 26 16:03:54 GMT 2023","750","tests","test_nodes_availability","","","","test_can_create_connection[Test for Astar, url: wss://astar-rpc.dwellir.com]",""
"passed","Sun Feb 26 16:05:07 GMT 2023","Sun Feb 26 16:05:12 GMT 2023","4975","tests","test_network_parameters","TestNetworkPrefix","","","test_address_prefix[Test for Parallel]",""
"passed","Sun Feb 26 16:14:30 GMT 2023","Sun Feb 26 16:14:30 GMT 2023","110","","io.novafoundation.nova.balances.BalancesIntegrationTest","","io.novafoundation.nova.balances.BalancesIntegrationTest","testBalancesLoading[Getting balance for Moonbeam network]","testBalancesLoading[Getting balance for Moonbeam network]",""
"passed","Sun Feb 26 16:05:43 GMT 2023","Sun Feb 26 16:05:44 GMT 2023","1287","tests","test_network_parameters","TestChainId","","","test_chainId[Test for Encointer]",""
"passed","Sun Feb 26 16:08:33 GMT 2023","Sun Feb 26 16:08:39 GMT 2023","5156","tests","test_network_parameters","TestChainId","","","test_chainId[Test for Tinkernet]",""
"passed","Sun Feb 26 16:14:30 GMT 2023","Sun Feb 26 16:14:31 GMT 2023","236","","io.novafoundation.nova.balances.BalancesIntegrationTest","","io.novafoundation.nova.balances.BalancesIntegrationTest","testBalancesLoading[Getting balance for Bifrost network]","testBalancesLoading[Getting balance for Bifrost network]",""
"passed","Sun Feb 26 16:14:38 GMT 2023","Sun Feb 26 16:14:38 GMT 2023","246","","io.novafoundation.nova.balances.BalancesIntegrationTest","","io.novafoundation.nova.balances.BalancesIntegrationTest","testBalancesLoading[Getting balance for Darwinia network]","testBalancesLoading[Getting balance for Darwinia network]",""
"passed","Sun Feb 26 16:04:23 GMT 2023","Sun Feb 26 16:04:24 GMT 2023","714","tests","test_nodes_availability","","","","test_can_create_connection[Test for Bifrost Polkadot, url: wss://hk.p.bifrost-rpc.liebi.com/ws]",""
"passed","Sun Feb 26 16:04:22 GMT 2023","Sun Feb 26 16:04:23 GMT 2023","334","tests","test_nodes_availability","","","","test_can_create_connection[Test for UNIQUE, url: wss://us-ws.unique.network/]",""
"passed","Sun Feb 26 16:04:23 GMT 2023","Sun Feb 26 16:04:23 GMT 2023","899","tests","test_nodes_availability","","","","test_can_create_connection[Test for UNIQUE, url: wss://asia-ws.unique.network/]",""
"passed","Sun Feb 26 16:14:37 GMT 2023","Sun Feb 26 16:14:38 GMT 2023","112","","io.novafoundation.nova.balances.BalancesIntegrationTest","","io.novafoundation.nova.balances.BalancesIntegrationTest","testBalancesLoading[Getting balance for Tinkernet network]","testBalancesLoading[Getting balance for Tinkernet network]",""
"passed","Sun Feb 26 16:14:38 GMT 2023","Sun Feb 26 16:14:38 GMT 2023","107","","io.novafoundation.nova.balances.BalancesIntegrationTest","","io.novafoundation.nova.balances.BalancesIntegrationTest","testBalancesLoading[Getting balance for Kapex network]","testBalancesLoading[Getting balance for Kapex network]",""
"passed","Sun Feb 26 16:04:17 GMT 2023","Sun Feb 26 16:04:18 GMT 2023","328","tests","test_nodes_availability","","","","test_can_create_connection[Test for Nodle Parachain, url: wss://nodle-parachain.api.onfinality.io/public-ws]",""
"passed","Sun Feb 26 16:04:51 GMT 2023","Sun Feb 26 16:04:55 GMT 2023","3745","tests","test_network_parameters","TestNetworkPrefix","","","test_address_prefix[Test for Bit.Country Pioneer]",""
"passed","Sun Feb 26 16:03:43 GMT 2023","Sun Feb 26 16:03:43 GMT 2023","369","tests","test_nodes_availability","","","","test_can_create_connection[Test for Karura, url: wss://karura-rpc-3.aca-api.network/ws]",""
"passed","Sun Feb 26 16:08:17 GMT 2023","Sun Feb 26 16:08:24 GMT 2023","6686","tests","test_network_parameters","TestChainId","","","test_chainId[Test for Khala]",""
"passed","Sun Feb 26 16:04:21 GMT 2023","Sun Feb 26 16:04:22 GMT 2023","1054","tests","test_nodes_availability","","","","test_can_create_connection[Test for Polkadex, url: wss://mainnet.polkadex.trade]",""
"passed","Sun Feb 26 16:04:04 GMT 2023","Sun Feb 26 16:04:08 GMT 2023","3333","tests","test_network_parameters","TestNetworkPrefix","","","test_address_prefix[Test for Moonbeam]",""
"passed","Sun Feb 26 16:10:39 GMT 2023","Sun Feb 26 16:10:41 GMT 2023","2208","tests","test_network_parameters","TestPrecision","","","test_precision[Test for Phala]",""
"passed","Sun Feb 26 16:06:04 GMT 2023","Sun Feb 26 16:06:09 GMT 2023","5091","tests","test_network_parameters","TestChainId","","","test_chainId[Test for Crab]",""
"passed","Sun Feb 26 16:03:46 GMT 2023","Sun Feb 26 16:03:46 GMT 2023","235","tests","test_nodes_availability","","","","test_can_create_connection[Test for Shiden, url: wss://rpc.shiden.astar.network]",""
"passed","Sun Feb 26 16:03:53 GMT 2023","Sun Feb 26 16:03:54 GMT 2023","727","tests","test_nodes_availability","","","","test_can_create_connection[Test for Parallel Heiko, url: wss://parallel-heiko.api.onfinality.io/public-ws]",""
"passed","Sun Feb 26 16:09:11 GMT 2023","Sun Feb 26 16:09:18 GMT 2023","6092","tests","test_network_parameters","TestChainId","","","test_chainId[Test for Darwinia]",""
"passed","Sun Feb 26 16:05:53 GMT 2023","Sun Feb 26 16:05:57 GMT 2023","4411","tests","test_network_parameters","TestNetworkPrefix","","","test_address_prefix[Test for GM]",""
"passed","Sun Feb 26 16:04:25 GMT 2023","Sun Feb 26 16:04:26 GMT 2023","705","tests","test_nodes_availability","","","","test_can_create_connection[Test for UNIQUE, url: wss://eu-ws.unique.network/]",""
"passed","Sun Feb 26 16:04:11 GMT 2023","Sun Feb 26 16:04:11 GMT 2023","487","tests","test_nodes_availability","","","","test_can_create_connection[Test for Bit.Country Pioneer, url: wss://pioneer.api.onfinality.io/public-ws]",""
"passed","Sun Feb 26 16:06:37 GMT 2023","Sun Feb 26 16:06:42 GMT 2023","4835","tests","test_network_parameters","TestChainId","","","test_chainId[Test for HydraDX]",""
"passed","Sun Feb 26 16:05:25 GMT 2023","Sun Feb 26 16:05:29 GMT 2023","4024","tests","test_network_parameters","TestNetworkPrefix","","","test_address_prefix[Test for Encointer]",""
"passed","Sun Feb 26 16:14:37 GMT 2023","Sun Feb 26 16:14:37 GMT 2023","111","","io.novafoundation.nova.balances.BalancesIntegrationTest","","io.novafoundation.nova.balances.BalancesIntegrationTest","testBalancesLoading[Getting balance for Bajun network]","testBalancesLoading[Getting balance for Bajun network]",""
"passed","Sun Feb 26 16:10:01 GMT 2023","Sun Feb 26 16:10:06 GMT 2023","5545","tests","test_network_parameters","TestChainId","","","test_chainId[Test for Pendulum]",""
"passed","Sun Feb 26 16:14:31 GMT 2023","Sun Feb 26 16:14:31 GMT 2023","46","","io.novafoundation.nova.balances.BalancesIntegrationTest","","io.novafoundation.nova.balances.BalancesIntegrationTest","testBalancesLoading[Getting balance for Edgeware network]","testBalancesLoading[Getting balance for Edgeware network]",""
"passed","Sun Feb 26 16:14:35 GMT 2023","Sun Feb 26 16:14:36 GMT 2023","212","","io.novafoundation.nova.balances.BalancesIntegrationTest","","io.novafoundation.nova.balances.BalancesIntegrationTest","testBalancesLoading[Getting balance for Parallel Heiko network]","testBalancesLoading[Getting balance for Parallel Heiko network]",""
"passed","Sun Feb 26 16:10:49 GMT 2023","Sun Feb 26 16:10:51 GMT 2023","2120","tests","test_network_parameters","TestPrecision","","","test_precision[Test for OriginTrail Parachain]",""
"passed","Sun Feb 26 16:07:37 GMT 2023","Sun Feb 26 16:07:45 GMT 2023","8778","tests","test_network_parameters","TestChainId","","","test_chainId[Test for Moonriver]",""
"passed","Sun Feb 26 16:03:43 GMT 2023","Sun Feb 26 16:03:44 GMT 2023","763","tests","test_nodes_availability","","","","test_can_create_connection[Test for Kusama, url: wss://kusama-rpc.dwellir.com]",""
"passed","Sun Feb 26 16:03:41 GMT 2023","Sun Feb 26 16:03:45 GMT 2023","3826","tests","test_network_parameters","TestNetworkPrefix","","","test_address_prefix[Test for Picasso]",""
"passed","Sun Feb 26 16:04:20 GMT 2023","Sun Feb 26 16:04:21 GMT 2023","803","tests","test_nodes_availability","","","","test_can_create_connection[Test for Centrifuge Parachain, url: wss://fullnode.parachain.centrifuge.io]",""
"passed","Sun Feb 26 16:03:42 GMT 2023","Sun Feb 26 16:03:43 GMT 2023","727","tests","test_nodes_availability","","","","test_can_create_connection[Test for Karura, url: wss://karura-rpc-2.aca-api.network/ws]",""
"passed","Sun Feb 26 16:04:22 GMT 2023","Sun Feb 26 16:04:26 GMT 2023","4843","tests","test_network_parameters","TestNetworkPrefix","","","test_address_prefix[Test for Interlay]",""
"passed","Sun Feb 26 16:05:04 GMT 2023","Sun Feb 26 16:05:05 GMT 2023","860","tests","test_nodes_availability","","","","test_can_create_connection[Test for Snow, url: wss://snow-rpc.icenetwork.io]",""
"passed","Sun Feb 26 16:04:23 GMT 2023","Sun Feb 26 16:04:24 GMT 2023","907","tests","test_nodes_availability","","","","test_can_create_connection[Test for Dora Factory, url: wss://kusama.dorafactory.org]",""
"passed","Sun Feb 26 16:03:55 GMT 2023","Sun Feb 26 16:03:56 GMT 2023","952","tests","test_nodes_availability","","","","test_can_create_connection[Test for Statemint, url: wss://statemint-rpc.polkadot.io]",""
"passed","Sun Feb 26 16:05:04 GMT 2023","Sun Feb 26 16:05:04 GMT 2023","396","tests","test_nodes_availability","","","","test_can_create_connection[Test for Polymesh, url: wss://mainnet-rpc.polymesh.network]",""
"passed","Sun Feb 26 16:05:41 GMT 2023","Sun Feb 26 16:05:43 GMT 2023","1433","tests","test_network_parameters","TestChainId","","","test_chainId[Test for Robonomics]",""
"passed","Sun Feb 26 16:11:14 GMT 2023","Sun Feb 26 16:11:16 GMT 2023","1997","tests","test_network_parameters","TestPrecision","","","test_precision[Test for Polymesh]",""
"passed","Sun Feb 26 16:03:47 GMT 2023","Sun Feb 26 16:03:48 GMT 2023","759","tests","test_nodes_availability","","","","test_can_create_connection[Test for Statemine, url: wss://statemine.api.onfinality.io/public-ws]",""
"passed","Sun Feb 26 16:10:08 GMT 2023","Sun Feb 26 16:10:10 GMT 2023","2069","tests","test_network_parameters","TestPrecision","","","test_precision[Test for Bit.Country Pioneer]",""
"passed","Sun Feb 26 16:14:32 GMT 2023","Sun Feb 26 16:14:32 GMT 2023","126","","io.novafoundation.nova.balances.BalancesIntegrationTest","","io.novafoundation.nova.balances.BalancesIntegrationTest","testBalancesLoading[Getting balance for Robonomics network]","testBalancesLoading[Getting balance for Robonomics network]",""
"passed","Sun Feb 26 16:03:44 GMT 2023","Sun Feb 26 16:03:44 GMT 2023","298","tests","test_nodes_availability","","","","test_can_create_connection[Test for Moonbeam, url: wss://moonbeam.public.blastapi.io]",""
"passed","Sun Feb 26 16:03:44 GMT 2023","Sun Feb 26 16:03:44 GMT 2023","376","tests","test_nodes_availability","","","","test_can_create_connection[Test for Moonbeam, url: wss://moonbeam.api.onfinality.io/public-ws]",""
"passed","Sun Feb 26 16:04:21 GMT 2023","Sun Feb 26 16:04:22 GMT 2023","762","tests","test_nodes_availability","","","","test_can_create_connection[Test for Efinity, url: wss://efinity-rpc.dwellir.com]",""
"broken","Sun Feb 26 16:05:16 GMT 2023","Sun Feb 26 16:05:16 GMT 2023","190","tests","test_nodes_availability","","","","test_can_create_connection[Test for XX network, url: wss://rpc.xx.network]",""
"passed","Sun Feb 26 16:05:46 GMT 2023","Sun Feb 26 16:05:49 GMT 2023","2845","tests","test_network_parameters","TestNetworkPrefix","","","test_address_prefix[Test for Imbue]",""
"passed","Sun Feb 26 16:14:31 GMT 2023","Sun Feb 26 16:14:31 GMT 2023","148","","io.novafoundation.nova.balances.BalancesIntegrationTest","","io.novafoundation.nova.balances.BalancesIntegrationTest","testBalancesLoading[Getting balance for Acala network]","testBalancesLoading[Getting balance for Acala network]",""
"passed","Sun Feb 26 16:07:34 GMT 2023","Sun Feb 26 16:07:40 GMT 2023","6043","tests","test_network_parameters","TestChainId","","","test_chainId[Test for Litentry]",""
"passed","Sun Feb 26 16:08:53 GMT 2023","Sun Feb 26 16:08:59 GMT 2023","6549","tests","test_network_parameters","TestChainId","","","test_chainId[Test for Acala]",""
"passed","Sun Feb 26 16:04:01 GMT 2023","Sun Feb 26 16:04:04 GMT 2023","3928","tests","test_network_parameters","TestNetworkPrefix","","","test_address_prefix[Test for Karura]",""
"passed","Sun Feb 26 16:04:19 GMT 2023","Sun Feb 26 16:04:19 GMT 2023","411","tests","test_nodes_availability","","","","test_can_create_connection[Test for Turing, url: wss://rpc.turing.oak.tech]",""
"passed","Sun Feb 26 16:03:52 GMT 2023","Sun Feb 26 16:03:53 GMT 2023","466","tests","test_nodes_availability","","","","test_can_create_connection[Test for Astar, url: wss://astar.api.onfinality.io/public-ws]",""
"passed","Sun Feb 26 16:04:17 GMT 2023","Sun Feb 26 16:04:17 GMT 2023","405","tests","test_nodes_availability","","","","test_can_create_connection[Test for Subsocial, url: wss://para.subsocial.network]",""
"passed","Sun Feb 26 16:10:20 GMT 2023","Sun Feb 26 16:10:22 GMT 2023","2186","tests","test_network_parameters","TestPrecision","","","test_precision[Test for Khala]",""
"passed","Sun Feb 26 16:04:11 GMT 2023","Sun Feb 26 16:04:14 GMT 2023","3723","tests","test_network_parameters","TestNetworkPrefix","","","test_address_prefix[Test for Centrifuge Parachain]",""
"passed","Sun Feb 26 16:10:18 GMT 2023","Sun Feb 26 16:10:20 GMT 2023","2342","tests","test_network_parameters","TestPrecision","","","test_precision[Test for Parallel Heiko]",""
"passed","Sun Feb 26 16:07:23 GMT 2023","Sun Feb 26 16:07:34 GMT 2023","10587","tests","test_network_parameters","TestChainId","","","test_chainId[Test for Bifrost Polkadot]",""
"passed","Sun Feb 26 16:04:38 GMT 2023","Sun Feb 26 16:04:39 GMT 2023","649","tests","test_nodes_availability","","","","test_can_create_connection[Test for Bajun, url: wss://rpc-parachain.bajun.network]",""
"passed","Sun Feb 26 16:10:43 GMT 2023","Sun Feb 26 16:10:45 GMT 2023","1990","tests","test_network_parameters","TestPrecision","","","test_precision[Test for Aleph Zero]",""
"passed","Sun Feb 26 16:04:22 GMT 2023","Sun Feb 26 16:04:23 GMT 2023","665","tests","test_nodes_availability","","","","test_can_create_connection[Test for OriginTrail Parachain, url: wss://parachain-rpc.origin-trail.network]",""
"passed","Sun Feb 26 16:05:38 GMT 2023","Sun Feb 26 16:05:40 GMT 2023","1424","tests","test_network_parameters","TestChainId","","","test_chainId[Test for CLV Parachain]",""
"passed","Sun Feb 26 16:04:38 GMT 2023","Sun Feb 26 16:04:38 GMT 2023","903","tests","test_nodes_availability","","","","test_can_create_connection[Test for GM, url: wss://ws.gm.bldnodes.org]",""
"passed","Sun Feb 26 16:04:14 GMT 2023","Sun Feb 26 16:04:15 GMT 2023","918","tests","test_nodes_availability","","","","test_can_create_connection[Test for Litmus, url: wss://rpc.litmus-parachain.litentry.io]",""
"broken","Sun Feb 26 16:06:19 GMT 2023","Sun Feb 26 16:06:20 GMT 2023","1041","tests","test_network_parameters","TestNetworkPrefix","","","test_address_prefix[Test for Kylin]",""
"passed","Sun Feb 26 16:03:45 GMT 2023","Sun Feb 26 16:03:46 GMT 2023","327","tests","test_nodes_availability","","","","test_can_create_connection[Test for Moonriver, url: wss://moonriver.api.onfinality.io/public-ws]",""
"passed","Sun Feb 26 16:10:13 GMT 2023","Sun Feb 26 16:10:15 GMT 2023","2818","tests","test_network_parameters","TestPrecision","","","test_precision[Test for Astar]",""
"passed","Sun Feb 26 16:10:05 GMT 2023","Sun Feb 26 16:10:11 GMT 2023","6041","tests","test_network_parameters","TestPrecision","","","test_precision[Test for Shiden]",""
"passed","Sun Feb 26 16:08:47 GMT 2023","Sun Feb 26 16:08:53 GMT 2023","5727","tests","test_network_parameters","TestChainId","","","test_chainId[Test for Bit.Country Pioneer]",""
"passed","Sun Feb 26 16:10:11 GMT 2023","Sun Feb 26 16:10:13 GMT 2023","2172","tests","test_network_parameters","TestPrecision","","","test_precision[Test for Bifrost Kusama]",""
"passed","Sun Feb 26 16:04:55 GMT 2023","Sun Feb 26 16:04:59 GMT 2023","4693","tests","test_network_parameters","TestNetworkPrefix","","","test_address_prefix[Test for Litentry]",""
"passed","Sun Feb 26 16:04:48 GMT 2023","Sun Feb 26 16:04:51 GMT 2023","3060","tests","test_network_parameters","TestNetworkPrefix","","","test_address_prefix[Test for QUARTZ]",""
"passed","Sun Feb 26 16:04:03 GMT 2023","Sun Feb 26 16:04:06 GMT 2023","3742","tests","test_network_parameters","TestNetworkPrefix","","","test_address_prefix[Test for Crust Shadow]",""
"passed","Sun Feb 26 16:05:05 GMT 2023","Sun Feb 26 16:05:06 GMT 2023","677","tests","test_nodes_availability","","","","test_can_create_connection[Test for DAO IPCI, url: wss://kusama.rpc.ipci.io]",""
"passed","Sun Feb 26 16:14:34 GMT 2023","Sun Feb 26 16:14:34 GMT 2023","120","","io.novafoundation.nova.balances.BalancesIntegrationTest","","io.novafoundation.nova.balances.BalancesIntegrationTest","testBalancesLoading[Getting balance for Subsocial Parachain network]","testBalancesLoading[Getting balance for Subsocial Parachain network]",""
"passed","Sun Feb 26 16:03:53 GMT 2023","Sun Feb 26 16:03:53 GMT 2023","803","tests","test_nodes_availability","","","","test_can_create_connection[Test for Parallel Heiko, url: wss://heiko-rpc.parallel.fi]",""
"passed","Sun Feb 26 16:03:46 GMT 2023","Sun Feb 26 16:03:47 GMT 2023","532","tests","test_nodes_availability","","","","test_can_create_connection[Test for Shiden, url: wss://shiden.api.onfinality.io/public-ws]",""
"passed","Sun Feb 26 16:07:45 GMT 2023","Sun Feb 26 16:07:52 GMT 2023","6215","tests","test_network_parameters","TestChainId","","","test_chainId[Test for Shiden]",""
"passed","Sun Feb 26 16:14:36 GMT 2023","Sun Feb 26 16:14:36 GMT 2023","119","","io.novafoundation.nova.balances.BalancesIntegrationTest","","io.novafoundation.nova.balances.BalancesIntegrationTest","testBalancesLoading[Getting balance for Altair network]","testBalancesLoading[Getting balance for Altair network]",""
"passed","Sun Feb 26 16:14:32 GMT 2023","Sun Feb 26 16:14:32 GMT 2023","123","","io.novafoundation.nova.balances.BalancesIntegrationTest","","io.novafoundation.nova.balances.BalancesIntegrationTest","testBalancesLoading[Getting balance for Basilisk network]","testBalancesLoading[Getting balance for Basilisk network]",""
"passed","Sun Feb 26 16:05:57 GMT 2023","Sun Feb 26 16:06:01 GMT 2023","3355","tests","test_network_parameters","TestNetworkPrefix","","","test_address_prefix[Test for Amplitude]",""
"passed","Sun Feb 26 16:04:07 GMT 2023","Sun Feb 26 16:04:08 GMT 2023","682","tests","test_nodes_availability","","","","test_can_create_connection[Test for KILT, url: wss://spiritnet.api.onfinality.io/public-ws]",""
"passed","Sun Feb 26 16:04:50 GMT 2023","Sun Feb 26 16:04:50 GMT 2023","407","tests","test_nodes_availability","","","","test_can_create_connection[Test for Amplitude, url: wss://rpc-amplitude.pendulumchain.tech]",""
"passed","Sun Feb 26 16:03:50 GMT 2023","Sun Feb 26 16:03:50 GMT 2023","832","tests","test_nodes_availability","","","","test_can_create_connection[Test for Karura, url: wss://karura-rpc.dwellir.com]",""
"passed","Sun Feb 26 16:07:26 GMT 2023","Sun Feb 26 16:07:32 GMT 2023","5585","tests","test_network_parameters","TestChainId","","","test_chainId[Test for Karura]",""
"passed","Sun Feb 26 16:03:44 GMT 2023","Sun Feb 26 16:03:45 GMT 2023","526","tests","test_nodes_availability","","","","test_can_create_connection[Test for Moonbeam, url: wss://1rpc.io/glmr]",""
"passed","Sun Feb 26 16:05:28 GMT 2023","Sun Feb 26 16:05:28 GMT 2023","425","tests","test_nodes_availability","","","","test_can_create_connection[Test for Pendulum, url: wss://rpc-pendulum.prd.pendulumchain.tech]",""
"passed","Sun Feb 26 16:03:41 GMT 2023","Sun Feb 26 16:03:42 GMT 2023","314","tests","test_nodes_availability","","","","test_can_create_connection[Test for Polkadot, url: wss://polkadot.api.onfinality.io/public-ws]",""
"passed","Sun Feb 26 16:10:13 GMT 2023","Sun Feb 26 16:10:15 GMT 2023","2277","tests","test_network_parameters","TestPrecision","","","test_precision[Test for Basilisk]",""
"passed","Sun Feb 26 16:10:53 GMT 2023","Sun Feb 26 16:10:56 GMT 2023","2480","tests","test_network_parameters","TestPrecision","","","test_precision[Test for Litentry]",""
"passed","Sun Feb 26 16:10:52 GMT 2023","Sun Feb 26 16:10:53 GMT 2023","1826","tests","test_network_parameters","TestPrecision","","","test_precision[Test for Pichiu]",""
"passed","Sun Feb 26 16:14:37 GMT 2023","Sun Feb 26 16:14:37 GMT 2023","125","","io.novafoundation.nova.balances.BalancesIntegrationTest","","io.novafoundation.nova.balances.BalancesIntegrationTest","testBalancesLoading[Getting balance for OriginTrail Parachain network]","testBalancesLoading[Getting balance for OriginTrail Parachain network]",""
"passed","Sun Feb 26 16:11:10 GMT 2023","Sun Feb 26 16:11:12 GMT 2023","2120","tests","test_network_parameters","TestPrecision","","","test_precision[Test for Bajun]",""
"passed","Sun Feb 26 16:07:46 GMT 2023","Sun Feb 26 16:07:51 GMT 2023","5799","tests","test_network_parameters","TestChainId","","","test_chainId[Test for Dora Factory]",""
"passed","Sun Feb 26 16:04:15 GMT 2023","Sun Feb 26 16:04:16 GMT 2023","777","tests","test_nodes_availability","","","","test_can_create_connection[Test for HydraDX, url: wss://hydradx-rpc.dwellir.com]",""
"passed","Sun Feb 26 16:03:49 GMT 2023","Sun Feb 26 16:03:51 GMT 2023","2070","tests","test_network_parameters","TestNetworkPrefix","","","test_address_prefix[Test for KICO]",""
"passed","Sun Feb 26 16:04:16 GMT 2023","Sun Feb 26 16:04:16 GMT 2023","651","tests","test_nodes_availability","","","","test_can_create_connection[Test for Interlay, url: wss://api.interlay.io/parachain]",""
"passed","Sun Feb 26 16:03:47 GMT 2023","Sun Feb 26 16:03:48 GMT 2023","831","tests","test_nodes_availability","","","","test_can_create_connection[Test for Shiden, url: wss://shiden-rpc.dwellir.com]",""
"passed","Sun Feb 26 16:04:18 GMT 2023","Sun Feb 26 16:04:22 GMT 2023","3987","tests","test_network_parameters","TestNetworkPrefix","","","test_address_prefix[Test for HydraDX]",""
"passed","Sun Feb 26 16:09:54 GMT 2023","Sun Feb 26 16:09:56 GMT 2023","2186","tests","test_network_parameters","TestPrecision","","","test_precision[Test for Westend]",""
"broken","Sun Feb 26 16:05:01 GMT 2023","Sun Feb 26 16:05:02 GMT 2023","287","tests","test_nodes_availability","","","","test_can_create_connection[Test for Kylin, url: wss://polkadot.kylin-node.co.uk]",""
"passed","Sun Feb 26 16:05:55 GMT 2023","Sun Feb 26 16:05:59 GMT 2023","3255","tests","test_network_parameters","TestChainId","","","test_chainId[Test for KICO]",""
"passed","Sun Feb 26 16:04:13 GMT 2023","Sun Feb 26 16:04:14 GMT 2023","765","tests","test_nodes_availability","","","","test_can_create_connection[Test for Zeitgeist, url: wss://zeitgeist-rpc.dwellir.com]",""
"passed","Sun Feb 26 16:10:44 GMT 2023","Sun Feb 26 16:10:46 GMT 2023","2243","tests","test_network_parameters","TestPrecision","","","test_precision[Test for HydraDX]",""
"passed","Sun Feb 26 16:09:07 GMT 2023","Sun Feb 26 16:09:11 GMT 2023","4328","tests","test_network_parameters","TestChainId","","","test_chainId[Test for Kylin]",""
"passed","Sun Feb 26 16:04:05 GMT 2023","Sun Feb 26 16:04:05 GMT 2023","638","tests","test_nodes_availability","","","","test_can_create_connection[Test for Khala, url: wss://khala-api.phala.network/ws]",""
"passed","Sun Feb 26 16:03:50 GMT 2023","Sun Feb 26 16:03:51 GMT 2023","776","tests","test_nodes_availability","","","","test_can_create_connection[Test for Basilisk, url: wss://basilisk-rpc.dwellir.com]",""
"passed","Sun Feb 26 16:08:59 GMT 2023","Sun Feb 26 16:09:50 GMT 2023","50710","tests","test_network_parameters","TestChainId","","","test_chainId[Test for Astar]",""
"passed","Sun Feb 26 16:03:48 GMT 2023","Sun Feb 26 16:03:49 GMT 2023","491","tests","test_nodes_availability","","","","test_can_create_connection[Test for Bifrost Kusama, url: wss://bifrost-parachain.api.onfinality.io/public-ws]",""
"passed","Sun Feb 26 16:10:37 GMT 2023","Sun Feb 26 16:10:39 GMT 2023","1897","tests","test_network_parameters","TestPrecision","","","test_precision[Test for Nodle Parachain]",""
"passed","Sun Feb 26 16:06:33 GMT 2023","Sun Feb 26 16:06:37 GMT 2023","4018","tests","test_network_parameters","TestChainId","","","test_chainId[Test for Efinity]",""
"passed","Sun Feb 26 16:08:05 GMT 2023","Sun Feb 26 16:08:10 GMT 2023","5204","tests","test_network_parameters","TestChainId","","","test_chainId[Test for Kabocha]",""
"passed","Sun Feb 26 16:14:47 GMT 2023","Sun Feb 26 16:14:47 GMT 2023","119","","io.novafoundation.nova.balances.BalancesIntegrationTest","","io.novafoundation.nova.balances.BalancesIntegrationTest","testBalancesLoading[Getting balance for XX network network]","testBalancesLoading[Getting balance for XX network network]",""
"passed","Sun Feb 26 16:07:03 GMT 2023","Sun Feb 26 16:07:06 GMT 2023","3434","tests","test_network_parameters","TestChainId","","","test_chainId[Test for Aleph Zero]",""
"broken","Sun Feb 26 16:14:32 GMT 2023","Sun Feb 26 16:14:32 GMT 2023","229","","io.novafoundation.nova.balances.BalancesIntegrationTest","","io.novafoundation.nova.balances.BalancesIntegrationTest","testBalancesLoading[Getting balance for Picasso network]","testBalancesLoading[Getting balance for Picasso network]",""
"broken","Sun Feb 26 16:04:36 GMT 2023","Sun Feb 26 16:04:37 GMT 2023","312","tests","test_nodes_availability","","","","test_can_create_connection[Test for Pichiu, url: wss://kusama.kylin-node.co.uk]",""
"passed","Sun Feb 26 16:03:53 GMT 2023","Sun Feb 26 16:03:57 GMT 2023","3952","tests","test_network_parameters","TestNetworkPrefix","","","test_address_prefix[Test for Westend]",""
"passed","Sun Feb 26 16:04:14 GMT 2023","Sun Feb 26 16:04:14 GMT 2023","714","tests","test_nodes_availability","","","","test_can_create_connection[Test for Acala, url: wss://acala-rpc-2.aca-api.network/ws]",""
"passed","Sun Feb 26 16:03:49 GMT 2023","Sun Feb 26 16:03:50 GMT 2023","872","tests","test_nodes_availability","","","","test_can_create_connection[Test for Statemine, url: wss://statemine-rpc.polkadot.io]",""
"passed","Sun Feb 26 16:10:03 GMT 2023","Sun Feb 26 16:10:05 GMT 2023","2063","tests","test_network_parameters","TestPrecision","","","test_precision[Test for Moonriver]",""
"passed","Sun Feb 26 16:04:11 GMT 2023","Sun Feb 26 16:04:12 GMT 2023","784","tests","test_nodes_availability","","","","test_can_create_connection[Test for Acala, url: wss://acala-rpc.dwellir.com]",""
"passed","Sun Feb 26 16:14:34 GMT 2023","Sun Feb 26 16:14:34 GMT 2023","123","","io.novafoundation.nova.balances.BalancesIntegrationTest","","io.novafoundation.nova.balances.BalancesIntegrationTest","testBalancesLoading[Getting balance for Efinity network]","testBalancesLoading[Getting balance for Efinity network]",""
"passed","Sun Feb 26 16:04:25 GMT 2023","Sun Feb 26 16:04:25 GMT 2023","756","tests","test_nodes_availability","","","","test_can_create_connection[Test for Litentry, url: wss://litentry-rpc.dwellir.com]",""
"passed","Sun Feb 26 16:10:40 GMT 2023","Sun Feb 26 16:10:42 GMT 2023","2272","tests","test_network_parameters","TestPrecision","","","test_precision[Test for Centrifuge Parachain]",""
"passed","Sun Feb 26 16:05:03 GMT 2023","Sun Feb 26 16:05:04 GMT 2023","698","tests","test_nodes_availability","","","","test_can_create_connection[Test for Kapex, url: wss://k-ui.kapex.network]",""
"passed","Sun Feb 26 16:06:45 GMT 2023","Sun Feb 26 16:06:51 GMT 2023","6108","tests","test_network_parameters","TestNetworkPrefix","","","test_address_prefix[Test for XX network]",""
"passed","Sun Feb 26 16:10:15 GMT 2023","Sun Feb 26 16:10:18 GMT 2023","2407","tests","test_network_parameters","TestPrecision","","","test_precision[Test for Parallel]",""
"passed","Sun Feb 26 16:14:32 GMT 2023","Sun Feb 26 16:14:32 GMT 2023","119","","io.novafoundation.nova.balances.BalancesIntegrationTest","","io.novafoundation.nova.balances.BalancesIntegrationTest","testBalancesLoading[Getting balance for Parallel network]","testBalancesLoading[Getting balance for Parallel network]",""
"passed","Sun Feb 26 16:06:47 GMT 2023","Sun Feb 26 16:06:50 GMT 2023","3196","tests","test_network_parameters","TestChainId","","","test_chainId[Test for Nodle Parachain]",""
"passed","Sun Feb 26 16:14:36 GMT 2023","Sun Feb 26 16:14:36 GMT 2023","245","","io.novafoundation.nova.balances.BalancesIntegrationTest","","io.novafoundation.nova.balances.BalancesIntegrationTest","testBalancesLoading[Getting balance for Litentry network]","testBalancesLoading[Getting balance for Litentry network]",""
"passed","Sun Feb 26 16:14:47 GMT 2023","Sun Feb 26 16:14:47 GMT 2023","40","","io.novafoundation.nova.balances.BalancesIntegrationTest","","io.novafoundation.nova.balances.BalancesIntegrationTest","testBalancesLoading[Getting balance for Myriad network]","testBalancesLoading[Getting balance for Myriad network]",""
"passed","Sun Feb 26 16:07:15 GMT 2023","Sun Feb 26 16:07:21 GMT 2023","5743","tests","test_network_parameters","TestChainId","","","test_chainId[Test for Westend]",""
"passed","Sun Feb 26 16:13:44 GMT 2023","Sun Feb 26 16:14:29 GMT 2023","45533","","io.novafoundation.nova.balances.BalancesIntegrationTest","","io.novafoundation.nova.balances.BalancesIntegrationTest","testBalancesLoading[Getting balance for Shiden network]","testBalancesLoading[Getting balance for Shiden network]",""
"passed","Sun Feb 26 16:07:32 GMT 2023","Sun Feb 26 16:07:37 GMT 2023","4769","tests","test_network_parameters","TestChainId","","","test_chainId[Test for Moonbeam]",""
"passed","Sun Feb 26 16:04:08 GMT 2023","Sun Feb 26 16:04:08 GMT 2023","287","tests","test_nodes_availability","","","","test_can_create_connection[Test for Calamari, url: wss://ws.calamari.systems/]",""
"passed","Sun Feb 26 16:04:38 GMT 2023","Sun Feb 26 16:04:42 GMT 2023","4254","tests","test_network_parameters","TestNetworkPrefix","","","test_address_prefix[Test for KILT]",""
"passed","Sun Feb 26 16:03:51 GMT 2023","Sun Feb 26 16:03:52 GMT 2023","800","tests","test_nodes_availability","","","","test_can_create_connection[Test for Altair, url: wss://fullnode.altair.centrifuge.io]",""
"passed","Sun Feb 26 16:04:55 GMT 2023","Sun Feb 26 16:04:59 GMT 2023","4513","tests","test_network_parameters","TestNetworkPrefix","","","test_address_prefix[Test for Acala]",""
"passed","Sun Feb 26 16:14:31 GMT 2023","Sun Feb 26 16:14:32 GMT 2023","174","","io.novafoundation.nova.balances.BalancesIntegrationTest","","io.novafoundation.nova.balances.BalancesIntegrationTest","testBalancesLoading[Getting balance for Bit. Country network]","testBalancesLoading[Getting balance for Bit. Country network]",""
"passed","Sun Feb 26 16:08:39 GMT 2023","Sun Feb 26 16:08:44 GMT 2023","5670","tests","test_network_parameters","TestChainId","","","test_chainId[Test for GM]",""
"passed","Sun Feb 26 16:10:20 GMT 2023","Sun Feb 26 16:10:23 GMT 2023","2576","tests","test_network_parameters","TestPrecision","","","test_precision[Test for Statemint]",""
"passed","Sun Feb 26 16:10:25 GMT 2023","Sun Feb 26 16:10:27 GMT 2023","2168","tests","test_network_parameters","TestPrecision","","","test_precision[Test for Encointer]",""
"passed","Sun Feb 26 16:04:18 GMT 2023","Sun Feb 26 16:04:19 GMT 2023","626","tests","test_nodes_availability","","","","test_can_create_connection[Test for Phala, url: wss://api.phala.network/ws]",""
"passed","Sun Feb 26 16:11:00 GMT 2023","Sun Feb 26 16:11:03 GMT 2023","2390","tests","test_network_parameters","TestPrecision","","","test_precision[Test for GM]",""
"passed","Sun Feb 26 16:11:18 GMT 2023","Sun Feb 26 16:11:20 GMT 2023","1761","tests","test_network_parameters","TestPrecision","","","test_precision[Test for Myriad]",""
"passed","Sun Feb 26 16:04:45 GMT 2023","Sun Feb 26 16:04:49 GMT 2023","3429","tests","test_network_parameters","TestNetworkPrefix","","","test_address_prefix[Test for OriginTrail Parachain]",""
"passed","Sun Feb 26 16:03:41 GMT 2023","Sun Feb 26 16:03:43 GMT 2023","2324","tests","test_network_parameters","TestNetworkPrefix","","","test_address_prefix[Test for Polkadot]",""
"passed","Sun Feb 26 16:04:34 GMT 2023","Sun Feb 26 16:04:38 GMT 2023","4381","tests","test_network_parameters","TestNetworkPrefix","","","test_address_prefix[Test for Khala]",""
"passed","Sun Feb 26 16:08:30 GMT 2023","Sun Feb 26 16:08:37 GMT 2023","6103","tests","test_network_parameters","TestChainId","","","test_chainId[Test for Calamari]",""
"passed","Sun Feb 26 16:03:43 GMT 2023","Sun Feb 26 16:03:53 GMT 2023","9679","tests","test_network_parameters","TestNetworkPrefix","","","test_address_prefix[Test for Kusama]",""
"passed","Sun Feb 26 16:06:01 GMT 2023","Sun Feb 26 16:06:08 GMT 2023","7384","tests","test_network_parameters","TestNetworkPrefix","","","test_address_prefix[Test for Ternoa]",""
"passed","Sun Feb 26 16:10:28 GMT 2023","Sun Feb 26 16:10:31 GMT 2023","2523","tests","test_network_parameters","TestPrecision","","","test_precision[Test for Litmus]",""
"passed","Sun Feb 26 16:06:29 GMT 2023","Sun Feb 26 16:06:33 GMT 2023","4086","tests","test_network_parameters","TestNetworkPrefix","","","test_address_prefix[Test for Polymesh]",""
"passed","Sun Feb 26 16:11:16 GMT 2023","Sun Feb 26 16:11:18 GMT 2023","2124","tests","test_network_parameters","TestPrecision","","","test_precision[Test for DAO IPCI]",""
"passed","Sun Feb 26 16:14:34 GMT 2023","Sun Feb 26 16:14:34 GMT 2023","247","","io.novafoundation.nova.balances.BalancesIntegrationTest","","io.novafoundation.nova.balances.BalancesIntegrationTest","testBalancesLoading[Getting balance for Crab network]","testBalancesLoading[Getting balance for Crab network]",""
"passed","Sun Feb 26 16:10:42 GMT 2023","Sun Feb 26 16:10:44 GMT 2023","1940","tests","test_network_parameters","TestPrecision","","","test_precision[Test for Efinity]",""
"passed","Sun Feb 26 16:14:37 GMT 2023","Sun Feb 26 16:14:37 GMT 2023","113","","io.novafoundation.nova.balances.BalancesIntegrationTest","","io.novafoundation.nova.balances.BalancesIntegrationTest","testBalancesLoading[Getting balance for Tanganika network]","testBalancesLoading[Getting balance for Tanganika network]",""
"passed","Sun Feb 26 16:09:46 GMT 2023","Sun Feb 26 16:09:51 GMT 2023","4283","tests","test_network_parameters","TestChainId","","","test_chainId[Test for Myriad]",""
"passed","Sun Feb 26 16:14:30 GMT 2023","Sun Feb 26 16:14:30 GMT 2023","266","","io.novafoundation.nova.balances.BalancesIntegrationTest","","io.novafoundation.nova.balances.BalancesIntegrationTest","testBalancesLoading[Getting balance for Karura network]","testBalancesLoading[Getting balance for Karura network]",""
"passed","Sun Feb 26 16:10:47 GMT 2023","Sun Feb 26 16:10:49 GMT 2023","2458","tests","test_network_parameters","TestPrecision","","","test_precision[Test for Dora Factory]",""
"passed","Sun Feb 26 16:09:51 GMT 2023","Sun Feb 26 16:10:01 GMT 2023","10053","tests","test_network_parameters","TestChainId","","","test_chainId[Test for XX network]",""
"passed","Sun Feb 26 16:08:37 GMT 2023","Sun Feb 26 16:08:47 GMT 2023","10273","tests","test_network_parameters","TestChainId","","","test_chainId[Test for QUARTZ]",""
"passed","Sun Feb 26 16:03:48 GMT 2023","Sun Feb 26 16:03:48 GMT 2023","656","tests","test_nodes_availability","","","","test_can_create_connection[Test for Bifrost Kusama, url: wss://bifrost-rpc.liebi.com/ws]",""
"passed","Sun Feb 26 16:04:18 GMT 2023","Sun Feb 26 16:04:19 GMT 2023","713","tests","test_nodes_availability","","","","test_can_create_connection[Test for Crust Shadow, url: wss://rpc-shadow.crust.network/]",""
"passed","Sun Feb 26 16:04:02 GMT 2023","Sun Feb 26 16:04:02 GMT 2023","794","tests","test_nodes_availability","","","","test_can_create_connection[Test for Picasso, url: wss://picasso-rpc.composable.finance]",""
"passed","Sun Feb 26 16:04:37 GMT 2023","Sun Feb 26 16:04:37 GMT 2023","315","tests","test_nodes_availability","","","","test_can_create_connection[Test for Imbue, url: wss://imbue-kusama.imbue.network]",""
"passed","Sun Feb 26 16:08:24 GMT 2023","Sun Feb 26 16:08:30 GMT 2023","6295","tests","test_network_parameters","TestChainId","","","test_chainId[Test for KILT]",""
"passed","Sun Feb 26 16:06:33 GMT 2023","Sun Feb 26 16:06:38 GMT 2023","5045","tests","test_network_parameters","TestNetworkPrefix","","","test_address_prefix[Test for Snow]",""
"passed","Sun Feb 26 16:03:51 GMT 2023","Sun Feb 26 16:03:55 GMT 2023","4257","tests","test_network_parameters","TestNetworkPrefix","","","test_address_prefix[Test for Litmus]",""
"passed","Sun Feb 26 16:04:10 GMT 2023","Sun Feb 26 16:04:14 GMT 2023","4086","tests","test_network_parameters","TestNetworkPrefix","","","test_address_prefix[Test for Shiden]",""
"passed","Sun Feb 26 16:04:36 GMT 2023","Sun Feb 26 16:04:38 GMT 2023","2235","tests","test_network_parameters","TestNetworkPrefix","","","test_address_prefix[Test for Aleph Zero]",""
"passed","Sun Feb 26 16:05:45 GMT 2023","Sun Feb 26 16:05:51 GMT 2023","5207","tests","test_network_parameters","TestChainId","","","test_chainId[Test for Picasso]",""
"passed","Sun Feb 26 16:03:43 GMT 2023","Sun Feb 26 16:03:44 GMT 2023","490","tests","test_nodes_availability","","","","test_can_create_connection[Test for Moonbeam, url: wss://wss.api.moonbeam.network]",""
"passed","Sun Feb 26 16:09:10 GMT 2023","Sun Feb 26 16:09:11 GMT 2023","939","tests","test_nodes_availability","","","","test_can_create_connection[Test for GM, url: wss://leemo.gmordie.com]",""
"passed","Sun Feb 26 16:03:45 GMT 2023","Sun Feb 26 16:03:45 GMT 2023","289","tests","test_nodes_availability","","","","test_can_create_connection[Test for Moonriver, url: wss://wss.api.moonriver.moonbeam.network]",""
"passed","Sun Feb 26 16:04:59 GMT 2023","Sun Feb 26 16:05:07 GMT 2023","7230","tests","test_network_parameters","TestNetworkPrefix","","","test_address_prefix[Test for Astar]",""
"passed","Sun Feb 26 16:04:06 GMT 2023","Sun Feb 26 16:04:11 GMT 2023","4123","tests","test_network_parameters","TestNetworkPrefix","","","test_address_prefix[Test for Integritee Parachain]",""
"passed","Sun Feb 26 16:04:19 GMT 2023","Sun Feb 26 16:04:20 GMT 2023","803","tests","test_nodes_availability","","","","test_can_create_connection[Test for Turing, url: wss://turing-rpc.dwellir.com]",""
"passed","Sun Feb 26 16:10:23 GMT 2023","Sun Feb 26 16:10:25 GMT 2023","2267","tests","test_network_parameters","TestPrecision","","","test_precision[Test for Robonomics]",""
"passed","Sun Feb 26 16:08:29 GMT 2023","Sun Feb 26 16:08:33 GMT 2023","4176","tests","test_network_parameters","TestChainId","","","test_chainId[Test for Imbue]",""
"passed","Sun Feb 26 16:06:23 GMT 2023","Sun Feb 26 16:06:28 GMT 2023","4918","tests","test_network_parameters","TestChainId","","","test_chainId[Test for Integritee Parachain]",""
"passed","Sun Feb 26 16:03:43 GMT 2023","Sun Feb 26 16:03:43 GMT 2023","388","tests","test_nodes_availability","","","","test_can_create_connection[Test for Polkadot, url: wss://1rpc.io/dot]",""
"passed","Sun Feb 26 16:05:51 GMT 2023","Sun Feb 26 16:05:55 GMT 2023","4880","tests","test_network_parameters","TestChainId","","","test_chainId[Test for Zeitgeist]",""
"passed","Sun Feb 26 16:03:45 GMT 2023","Sun Feb 26 16:03:49 GMT 2023","3992","tests","test_network_parameters","TestNetworkPrefix","","","test_address_prefix[Test for Zeitgeist]",""
"passed","Sun Feb 26 16:04:28 GMT 2023","Sun Feb 26 16:04:34 GMT 2023","5595","tests","test_network_parameters","TestNetworkPrefix","","","test_address_prefix[Test for Parallel Heiko]",""
"passed","Sun Feb 26 16:14:38 GMT 2023","Sun Feb 26 16:14:38 GMT 2023","133","","io.novafoundation.nova.balances.BalancesIntegrationTest","","io.novafoundation.nova.balances.BalancesIntegrationTest","testBalancesLoading[Getting balance for Statemint network]","testBalancesLoading[Getting balance for Statemint network]",""
"passed","Sun Feb 26 16:14:35 GMT 2023","Sun Feb 26 16:14:35 GMT 2023","35","","io.novafoundation.nova.balances.BalancesIntegrationTest","","io.novafoundation.nova.balances.BalancesIntegrationTest","testBalancesLoading[Getting balance for Aleph Zero network]","testBalancesLoading[Getting balance for Aleph Zero network]",""
"passed","Sun Feb 26 16:08:49 GMT 2023","Sun Feb 26 16:08:55 GMT 2023","6281","tests","test_network_parameters","TestChainId","","","test_chainId[Test for Ternoa]",""
"passed","Sun Feb 26 16:06:50 GMT 2023","Sun Feb 26 16:06:55 GMT 2023","5075","tests","test_network_parameters","TestChainId","","","test_chainId[Test for Phala]",""
"passed","Sun Feb 26 16:06:38 GMT 2023","Sun Feb 26 16:06:42 GMT 2023","4394","tests","test_network_parameters","TestNetworkPrefix","","","test_address_prefix[Test for DAO IPCI]",""
"passed","Sun Feb 26 16:03:45 GMT 2023","Sun Feb 26 16:03:45 GMT 2023","340","tests","test_nodes_availability","","","","test_can_create_connection[Test for Kusama, url: wss://kusama.api.onfinality.io/public-ws]",""
"passed","Sun Feb 26 16:14:32 GMT 2023","Sun Feb 26 16:14:32 GMT 2023","274","","io.novafoundation.nova.balances.BalancesIntegrationTest","","io.novafoundation.nova.balances.BalancesIntegrationTest","testBalancesLoading[Getting balance for Clover network]","testBalancesLoading[Getting balance for Clover network]",""
"passed","Sun Feb 26 16:05:44 GMT 2023","Sun Feb 26 16:05:45 GMT 2023","1482","tests","test_network_parameters","TestChainId","","","test_chainId[Test for Kintsugi]",""
"passed","Sun Feb 26 16:03:44 GMT 2023","Sun Feb 26 16:03:45 GMT 2023","194","tests","test_nodes_availability","","","","test_can_create_connection[Test for Kusama, url: wss://kusama-rpc.polkadot.io]",""
"passed","Sun Feb 26 16:05:16 GMT 2023","Sun Feb 26 16:05:21 GMT 2023","4490","tests","test_network_parameters","TestNetworkPrefix","","","test_address_prefix[Test for Statemint]",""
"passed","Sun Feb 26 16:10:38 GMT 2023","Sun Feb 26 16:10:40 GMT 2023","2250","tests","test_network_parameters","TestPrecision","","","test_precision[Test for Integritee Parachain]",""
"passed","Sun Feb 26 16:04:42 GMT 2023","Sun Feb 26 16:04:45 GMT 2023","3642","tests","test_network_parameters","TestNetworkPrefix","","","test_address_prefix[Test for Polkadex]",""
"passed","Sun Feb 26 16:06:28 GMT 2023","Sun Feb 26 16:06:33 GMT 2023","5173","tests","test_network_parameters","TestChainId","","","test_chainId[Test for Centrifuge Parachain]",""
"passed","Sun Feb 26 16:05:02 GMT 2023","Sun Feb 26 16:05:02 GMT 2023","692","tests","test_nodes_availability","","","","test_can_create_connection[Test for Darwinia, url: wss://parachain-rpc.darwinia.network]",""
"passed","Sun Feb 26 16:04:12 GMT 2023","Sun Feb 26 16:04:13 GMT 2023","729","tests","test_nodes_availability","","","","test_can_create_connection[Test for Acala, url: wss://acala-rpc-0.aca-api.network]",""
"passed","Sun Feb 26 16:10:24 GMT 2023","Sun Feb 26 16:10:27 GMT 2023","2211","tests","test_network_parameters","TestPrecision","","","test_precision[Test for Calamari]",""
"broken","Sun Feb 26 16:04:04 GMT 2023","Sun Feb 26 16:04:05 GMT 2023","109","tests","test_nodes_availability","","","","test_can_create_connection[Test for Parallel Heiko, url: wss://heiko-rpc.dwellir.com]",""
"passed","Sun Feb 26 16:04:42 GMT 2023","Sun Feb 26 16:04:48 GMT 2023","5546","tests","test_network_parameters","TestNetworkPrefix","","","test_address_prefix[Test for Calamari]",""
"passed","Sun Feb 26 16:10:34 GMT 2023","Sun Feb 26 16:10:37 GMT 2023","2283","tests","test_network_parameters","TestPrecision","","","test_precision[Test for Interlay]",""
"passed","Sun Feb 26 16:05:37 GMT 2023","Sun Feb 26 16:05:38 GMT 2023","1591","tests","test_network_parameters","TestChainId","","","test_chainId[Test for Parallel]",""
"passed","Sun Feb 26 16:05:42 GMT 2023","Sun Feb 26 16:05:46 GMT 2023","4218","tests","test_network_parameters","TestNetworkPrefix","","","test_address_prefix[Test for Bajun]",""
"passed","Sun Feb 26 16:03:59 GMT 2023","Sun Feb 26 16:04:00 GMT 2023","760","tests","test_nodes_availability","","","","test_can_create_connection[Test for Robonomics, url: wss://robonomics.leemo.me]",""
"passed","Sun Feb 26 16:10:27 GMT 2023","Sun Feb 26 16:10:30 GMT 2023","2264","tests","test_network_parameters","TestPrecision","","","test_precision[Test for Kintsugi]",""
"passed","Sun Feb 26 16:03:44 GMT 2023","Sun Feb 26 16:03:44 GMT 2023","398","tests","test_nodes_availability","","","","test_can_create_connection[Test for Kusama, url: wss://kusama.public.curie.radiumblock.co/ws]",""
"passed","Sun Feb 26 16:04:15 GMT 2023","Sun Feb 26 16:04:15 GMT 2023","339","tests","test_nodes_availability","","","","test_can_create_connection[Test for HydraDX, url: wss://rpc.hydradx.cloud]",""
"passed","Sun Feb 26 16:10:31 GMT 2023","Sun Feb 26 16:10:33 GMT 2023","2227","tests","test_network_parameters","TestPrecision","","","test_precision[Test for Crab]",""
"passed","Sun Feb 26 16:07:58 GMT 2023","Sun Feb 26 16:08:04 GMT 2023","6127","tests","test_network_parameters","TestChainId","","","test_chainId[Test for Basilisk]",""
"passed","Sun Feb 26 16:04:32 GMT 2023","Sun Feb 26 16:04:36 GMT 2023","3725","tests","test_network_parameters","TestNetworkPrefix","","","test_address_prefix[Test for Turing]",""
"passed","Sun Feb 26 16:11:20 GMT 2023","Sun Feb 26 16:11:21 GMT 2023","1922","tests","test_network_parameters","TestPrecision","","","test_precision[Test for Pendulum]",""
"passed","Sun Feb 26 16:03:49 GMT 2023","Sun Feb 26 16:03:50 GMT 2023","773","tests","test_nodes_availability","","","","test_can_create_connection[Test for Basilisk, url: wss://rpc.basilisk.cloud]",""
"broken","Sun Feb 26 16:14:35 GMT 2023","Sun Feb 26 16:14:35 GMT 2023","133","","io.novafoundation.nova.balances.BalancesIntegrationTest","","io.novafoundation.nova.balances.BalancesIntegrationTest","testBalancesLoading[Getting balance for Composable Finance network]","testBalancesLoading[Getting balance for Composable Finance network]",""
"passed","Sun Feb 26 16:14:38 GMT 2023","Sun Feb 26 16:14:47 GMT 2023","8774","","io.novafoundation.nova.balances.BalancesIntegrationTest","","io.novafoundation.nova.balances.BalancesIntegrationTest","testBalancesLoading[Getting balance for Polymesh Mainnet network]","testBalancesLoading[Getting balance for Polymesh Mainnet network]",""
"passed","Sun Feb 26 16:14:30 GMT 2023","Sun Feb 26 16:14:30 GMT 2023","258","","io.novafoundation.nova.balances.BalancesIntegrationTest","","io.novafoundation.nova.balances.BalancesIntegrationTest","testBalancesLoading[Getting balance for Statemine network]","testBalancesLoading[Getting balance for Statemine network]",""
"passed","Sun Feb 26 16:14:33 GMT 2023","Sun Feb 26 16:14:33 GMT 2023","135","","io.novafoundation.nova.balances.BalancesIntegrationTest","","io.novafoundation.nova.balances.BalancesIntegrationTest","testBalancesLoading[Getting balance for Zeitgeist network]","testBalancesLoading[Getting balance for Zeitgeist network]",""
"passed","Sun Feb 26 16:03:49 GMT 2023","Sun Feb 26 16:03:49 GMT 2023","793","tests","test_nodes_availability","","","","test_can_create_connection[Test for Bifrost Kusama, url: wss://bifrost-rpc.dwellir.com]",""
"passed","Sun Feb 26 16:10:10 GMT 2023","Sun Feb 26 16:10:13 GMT 2023","2324","tests","test_network_parameters","TestPrecision","","","test_precision[Test for Acala]",""
"passed","Sun Feb 26 16:14:35 GMT 2023","Sun Feb 26 16:14:35 GMT 2023","31","","io.novafoundation.nova.balances.BalancesIntegrationTest","","io.novafoundation.nova.balances.BalancesIntegrationTest","testBalancesLoading[Getting balance for Turing network]","testBalancesLoading[Getting balance for Turing network]",""
"passed","Sun Feb 26 16:04:17 GMT 2023","Sun Feb 26 16:04:18 GMT 2023","867","tests","test_nodes_availability","","","","test_can_create_connection[Test for Crust Shadow, url: wss://rpc2-shadow.crust.network/]",""
"broken","Sun Feb 26 16:05:23 GMT 2023","Sun Feb 26 16:05:24 GMT 2023","835","tests","test_network_parameters","TestNetworkPrefix","","","test_address_prefix[Test for Pichiu]",""
"broken","Sun Feb 26 16:04:49 GMT 2023","Sun Feb 26 16:04:49 GMT 2023","102","tests","test_nodes_availability","","","","test_can_create_connection[Test for Bajun, url: wss://bajun-rpc.dwellir.com]",""
"passed","Sun Feb 26 16:03:43 GMT 2023","Sun Feb 26 16:03:43 GMT 2023","169","tests","test_nodes_availability","","","","test_can_create_connection[Test for Polkadot, url: wss://rpc.polkadot.io]",""
"passed","Sun Feb 26 16:03:46 GMT 2023","Sun Feb 26 16:03:46 GMT 2023","333","tests","test_nodes_availability","","","","test_can_create_connection[Test for Moonriver, url: wss://moonriver.public.blastapi.io]",""
"passed","Sun Feb 26 16:04:14 GMT 2023","Sun Feb 26 16:04:14 GMT 2023","487","tests","test_nodes_availability","","","","test_can_create_connection[Test for Zeitgeist, url: wss://zeitgeist.api.onfinality.io/public-ws]",""
"passed","Sun Feb 26 16:14:37 GMT 2023","Sun Feb 26 16:14:37 GMT 2023","38","","io.novafoundation.nova.balances.BalancesIntegrationTest","","io.novafoundation.nova.balances.BalancesIntegrationTest","testBalancesLoading[Getting balance for Aleph Zero Testnet network]","testBalancesLoading[Getting balance for Aleph Zero Testnet network]",""
"passed","Sun Feb 26 16:14:47 GMT 2023","Sun Feb 26 16:14:48 GMT 2023","30","","io.novafoundation.nova.balances.BalancesIntegrationTest","","io.novafoundation.nova.balances.BalancesIntegrationTest","testBalancesLoading[Getting balance for Pendulum network]","testBalancesLoading[Getting balance for Pendulum network]",""
"passed","Sun Feb 26 16:04:14 GMT 2023","Sun Feb 26 16:04:14 GMT 2023","119","tests","test_nodes_availability","","","","test_can_create_connection[Test for KICO, url: wss://rpc.kico.dico.io]",""
"passed","Sun Feb 26 16:06:25 GMT 2023","Sun Feb 26 16:06:29 GMT 2023","4080","tests","test_network_parameters","TestNetworkPrefix","","","test_address_prefix[Test for Kapex]",""
"passed","Sun Feb 26 16:11:07 GMT 2023","Sun Feb 26 16:11:11 GMT 2023","4656","tests","test_network_parameters","TestPrecision","","","test_precision[Test for Kylin]",""
"passed","Sun Feb 26 16:06:14 GMT 2023","Sun Feb 26 16:06:23 GMT 2023","8732","tests","test_network_parameters","TestChainId","","","test_chainId[Test for Crust Shadow]",""
"passed","Sun Feb 26 16:14:35 GMT 2023","Sun Feb 26 16:14:35 GMT 2023","286","","io.novafoundation.nova.balances.BalancesIntegrationTest","","io.novafoundation.nova.balances.BalancesIntegrationTest","testBalancesLoading[Getting balance for Integritee Parachain network]","testBalancesLoading[Getting balance for Integritee Parachain network]",""
"passed","Sun Feb 26 16:06:58 GMT 2023","Sun Feb 26 16:07:02 GMT 2023","4246","tests","test_network_parameters","TestChainId","","","test_chainId[Test for Polkadot]",""
"passed","Sun Feb 26 16:14:33 GMT 2023","Sun Feb 26 16:14:33 GMT 2023","243","","io.novafoundation.nova.balances.BalancesIntegrationTest","","io.novafoundation.nova.balances.BalancesIntegrationTest","testBalancesLoading[Getting balance for Litmus network]","testBalancesLoading[Getting balance for Litmus network]",""
"passed","Sun Feb 26 16:04:01 GMT 2023","Sun Feb 26 16:04:02 GMT 2023","671","tests","test_nodes_availability","","","","test_can_create_connection[Test for Kintsugi, url: wss://api-kusama.interlay.io/parachain]",""
"passed","Sun Feb 26 16:10:56 GMT 2023","Sun Feb 26 16:10:58 GMT 2023","2229","tests","test_network_parameters","TestPrecision","","","test_precision[Test for UNIQUE]",""
"passed","Sun Feb 26 16:05:08 GMT 2023","Sun Feb 26 16:05:12 GMT 2023","3989","tests","test_network_parameters","TestNetworkPrefix","","","test_address_prefix[Test for Mangata X]",""
"passed","Sun Feb 26 16:04:28 GMT 2023","Sun Feb 26 16:04:32 GMT 2023","3806","tests","test_network_parameters","TestNetworkPrefix","","","test_address_prefix[Test for Phala]",""
"passed","Sun Feb 26 16:11:03 GMT 2023","Sun Feb 26 16:11:04 GMT 2023","1805","tests","test_network_parameters","TestPrecision","","","test_precision[Test for Amplitude]",""
"passed","Sun Feb 26 16:04:50 GMT 2023","Sun Feb 26 16:04:51 GMT 2023","826","tests","test_nodes_availability","","","","test_can_create_connection[Test for Ternoa, url: wss://mainnet.ternoa.network]",""
"passed","Sun Feb 26 16:09:52 GMT 2023","Sun Feb 26 16:09:54 GMT 2023","2225","tests","test_network_parameters","TestPrecision","","","test_precision[Test for Kusama]",""
"passed","Sun Feb 26 16:04:09 GMT 2023","Sun Feb 26 16:04:10 GMT 2023","487","tests","test_nodes_availability","","","","test_can_create_connection[Test for QUARTZ, url: wss://us-ws-quartz.unique.network]",""
"passed","Sun Feb 26 16:09:56 GMT 2023","Sun Feb 26 16:09:58 GMT 2023","2247","tests","test_network_parameters","TestPrecision","","","test_precision[Test for Statemine]",""
"passed","Sun Feb 26 16:06:09 GMT 2023","Sun Feb 26 16:06:14 GMT 2023","4798","tests","test_network_parameters","TestChainId","","","test_chainId[Test for Subsocial]",""
"passed","Sun Feb 26 16:04:20 GMT 2023","Sun Feb 26 16:04:20 GMT 2023","670","tests","test_nodes_availability","","","","test_can_create_connection[Test for Integritee Parachain, url: wss://kusama.api.integritee.network]",""
"passed","Sun Feb 26 16:03:48 GMT 2023","Sun Feb 26 16:03:49 GMT 2023","886","tests","test_nodes_availability","","","","test_can_create_connection[Test for Statemine, url: wss://statemine-rpc.dwellir.com]",""
"passed","Sun Feb 26 16:05:12 GMT 2023","Sun Feb 26 16:05:16 GMT 2023","4864","tests","test_network_parameters","TestNetworkPrefix","","","test_address_prefix[Test for CLV Parachain]",""
"passed","Sun Feb 26 16:03:51 GMT 2023","Sun Feb 26 16:03:52 GMT 2023","749","tests","test_nodes_availability","","","","test_can_create_connection[Test for Acala, url: wss://acala.polkawallet.io]",""
"passed","Sun Feb 26 16:14:38 GMT 2023","Sun Feb 26 16:14:38 GMT 2023","120","","io.novafoundation.nova.balances.BalancesIntegrationTest","","io.novafoundation.nova.balances.BalancesIntegrationTest","testBalancesLoading[Getting balance for Ternoa network]","testBalancesLoading[Getting balance for Ternoa network]",""
"passed","Sun Feb 26 16:05:06 GMT 2023","Sun Feb 26 16:05:06 GMT 2023","226","tests","test_nodes_availability","","","","test_can_create_connection[Test for Myriad, url: wss://gateway.mainnet.octopus.network/myriad/a4cb0a6e30ff5233a3567eb4e8cb71e0]",""
"passed","Sun Feb 26 16:06:42 GMT 2023","Sun Feb 26 16:06:45 GMT 2023","2875","tests","test_network_parameters","TestNetworkPrefix","","","test_address_prefix[Test for Myriad]",""
"passed","Sun Feb 26 16:03:57 GMT 2023","Sun Feb 26 16:03:58 GMT 2023","781","tests","test_nodes_availability","","","","test_can_create_connection[Test for Statemint, url: wss://statemint-rpc.dwellir.com]",""
"passed","Sun Feb 26 16:04:26 GMT 2023","Sun Feb 26 16:04:27 GMT 2023","856","tests","test_nodes_availability","","","","test_can_create_connection[Test for Kabocha, url: wss://kabocha.jelliedowl.com]",""
"passed","Sun Feb 26 16:03:41 GMT 2023","Sun Feb 26 16:03:42 GMT 2023","733","tests","test_nodes_availability","","","","test_can_create_connection[Test for Karura, url: wss://karura-rpc-1.aca-api.network]",""
