"Status","Start Time","Stop Time","Duration in ms","Parent Suite","Suite","Sub Suite","Test Class","Test Method","Name","Description"
"passed","Tue Dec 19 00:14:21 GMT 2023","Tue Dec 19 00:14:21 GMT 2023","32","","io.novafoundation.nova.balances.BalancesIntegrationTest","","io.novafoundation.nova.balances.BalancesIntegrationTest","testBalancesLoading[Aleph Zero]","testBalancesLoading[Aleph Zero]",""
"passed","Tue Dec 19 00:02:30 GMT 2023","Tue Dec 19 00:02:30 GMT 2023","0","tests","test_network_parameters","TestChainId","","","test_chainId[Test for Picasso]",""
"passed","Tue Dec 19 00:13:56 GMT 2023","Tue Dec 19 00:13:58 GMT 2023","1242","","io.novafoundation.nova.balances.BalancesIntegrationTest","","io.novafoundation.nova.balances.BalancesIntegrationTest","testFeeLoading[Litmus]","testFeeLoading[Litmus]",""
"passed","Tue Dec 19 00:03:48 GMT 2023","Tue Dec 19 00:03:48 GMT 2023","0","tests","test_network_parameters","TestChainId","","","test_chainId[Test for Dock]",""
"passed","Tue Dec 19 00:06:16 GMT 2023","Tue Dec 19 00:06:17 GMT 2023","816","tests","test_check_new_assets","TestAssets","","","test_has_new_assets[Test for OriginTrail Parachain]",""
"passed","Tue Dec 19 00:03:33 GMT 2023","Tue Dec 19 00:03:33 GMT 2023","0","tests","test_network_parameters","TestPrecision","","","test_precision[Test for Polkadot Bridge Hub]",""
"broken","Tue Dec 19 00:05:52 GMT 2023","Tue Dec 19 00:05:52 GMT 2023","0","tests","test_network_parameters","TestChainId","","","test_chainId[Test for Ajuna]",""
"passed","Tue Dec 19 00:03:02 GMT 2023","Tue Dec 19 00:03:02 GMT 2023","0","tests","test_network_parameters","TestChainId","","","test_chainId[Test for Ternoa]",""
"passed","Tue Dec 19 00:02:56 GMT 2023","Tue Dec 19 00:02:56 GMT 2023","0","tests","test_network_parameters","TestPrecision","","","test_precision[Test for Crust]",""
"passed","Tue Dec 19 00:13:29 GMT 2023","Tue Dec 19 00:13:30 GMT 2023","712","","io.novafoundation.nova.balances.BalancesIntegrationTest","","io.novafoundation.nova.balances.BalancesIntegrationTest","testFeeLoading[KILT Spiritnet]","testFeeLoading[KILT Spiritnet]",""
"passed","Tue Dec 19 00:04:11 GMT 2023","Tue Dec 19 00:04:11 GMT 2023","0","tests","test_nodes_availability","","","","test_can_create_connection[Test for Mangata X, url: wss://kusama-rpc.mangata.online]",""
"passed","Tue Dec 19 00:15:44 GMT 2023","Tue Dec 19 00:15:45 GMT 2023","1607","","io.novafoundation.nova.balances.BalancesIntegrationTest","","io.novafoundation.nova.balances.BalancesIntegrationTest","testBalancesLoading[Joystream]","testBalancesLoading[Joystream]",""
"passed","Tue Dec 19 00:03:58 GMT 2023","Tue Dec 19 00:03:58 GMT 2023","1","tests","test_nodes_availability","","","","test_can_create_connection[Test for Phala, url: wss://phala.api.onfinality.io/public-ws]",""
"passed","Tue Dec 19 00:15:32 GMT 2023","Tue Dec 19 00:15:32 GMT 2023","393","","io.novafoundation.nova.balances.BalancesIntegrationTest","","io.novafoundation.nova.balances.BalancesIntegrationTest","testBalancesLoading[Frequency]","testBalancesLoading[Frequency]",""
"passed","Tue Dec 19 00:03:04 GMT 2023","Tue Dec 19 00:03:04 GMT 2023","0","tests","test_nodes_availability","","","","test_can_create_connection[Test for Astar, url: wss://astar-rpc.dwellir.com]",""
"passed","Tue Dec 19 00:03:32 GMT 2023","Tue Dec 19 00:03:33 GMT 2023","506","tests","test_check_new_assets","TestAssets","","","test_has_new_assets[Test for Polkadot Collectives]",""
"passed","Tue Dec 19 00:02:53 GMT 2023","Tue Dec 19 00:02:53 GMT 2023","0","tests","test_nodes_availability","","","","test_can_create_connection[Test for Bit.Country Pioneer, url: wss://pioneer-rpc-3.bit.country/wss]",""
"passed","Tue Dec 19 00:04:00 GMT 2023","Tue Dec 19 00:04:00 GMT 2023","0","tests","test_network_parameters","TestNetworkPrefix","","","test_address_prefix[Test for OriginTrail Parachain]",""
"passed","Tue Dec 19 00:15:41 GMT 2023","Tue Dec 19 00:15:42 GMT 2023","1159","","io.novafoundation.nova.balances.BalancesIntegrationTest","","io.novafoundation.nova.balances.BalancesIntegrationTest","testBalancesLoading[Enjin Matrixchain]","testBalancesLoading[Enjin Matrixchain]",""
"passed","Tue Dec 19 00:15:42 GMT 2023","Tue Dec 19 00:15:43 GMT 2023","262","","io.novafoundation.nova.balances.BalancesIntegrationTest","","io.novafoundation.nova.balances.BalancesIntegrationTest","testFeeLoading[Enjin Matrixchain]","testFeeLoading[Enjin Matrixchain]",""
"passed","Tue Dec 19 00:14:14 GMT 2023","Tue Dec 19 00:14:15 GMT 2023","647","","io.novafoundation.nova.balances.BalancesIntegrationTest","","io.novafoundation.nova.balances.BalancesIntegrationTest","testFeeLoading[HydraDX]","testFeeLoading[HydraDX]",""
"passed","Tue Dec 19 00:03:34 GMT 2023","Tue Dec 19 00:03:34 GMT 2023","0","tests","test_network_parameters","TestChainId","","","test_chainId[Test for GIANT]",""
"passed","Tue Dec 19 00:02:52 GMT 2023","Tue Dec 19 00:02:52 GMT 2023","706","tests","test_check_new_assets","TestAssets","","","test_has_new_assets[Test for Ternoa]",""
"passed","Tue Dec 19 00:02:32 GMT 2023","Tue Dec 19 00:02:32 GMT 2023","0","tests","test_network_parameters","TestNetworkPrefix","","","test_address_prefix[Test for Aleph Zero]",""
"passed","Tue Dec 19 00:08:21 GMT 2023","Tue Dec 19 00:08:21 GMT 2023","0","tests","test_nodes_availability","","","","test_can_create_connection[Test for Enjin, url: wss://enjin-matrix-rpc-1.dwellir.com]",""
"passed","Tue Dec 19 00:13:45 GMT 2023","Tue Dec 19 00:13:46 GMT 2023","1255","","io.novafoundation.nova.balances.BalancesIntegrationTest","","io.novafoundation.nova.balances.BalancesIntegrationTest","testFeeLoading[Clover]","testFeeLoading[Clover]",""
"passed","Tue Dec 19 00:14:20 GMT 2023","Tue Dec 19 00:14:20 GMT 2023","141","","io.novafoundation.nova.balances.BalancesIntegrationTest","","io.novafoundation.nova.balances.BalancesIntegrationTest","testFeeLoading[Turing]","testFeeLoading[Turing]",""
"passed","Tue Dec 19 00:15:01 GMT 2023","Tue Dec 19 00:15:02 GMT 2023","776","","io.novafoundation.nova.balances.BalancesIntegrationTest","","io.novafoundation.nova.balances.BalancesIntegrationTest","testFeeLoading[OriginTrail Parachain]","testFeeLoading[OriginTrail Parachain]",""
"passed","Tue Dec 19 00:05:31 GMT 2023","Tue Dec 19 00:05:31 GMT 2023","1","tests","test_nodes_availability","","","","test_can_create_connection[Test for XX network, url: wss://rpc-hetzner.xx.network]",""
"passed","Tue Dec 19 00:02:35 GMT 2023","Tue Dec 19 00:02:35 GMT 2023","0","tests","test_network_parameters","TestPrecision","","","test_precision[Test for Mangata X]",""
"passed","Tue Dec 19 00:08:17 GMT 2023","Tue Dec 19 00:08:17 GMT 2023","0","tests","test_nodes_availability","","","","test_can_create_connection[Test for Jur, url: wss://jur-archive-mainnet-1.simplystaking.xyz/VX68C07AR4K2/ws]",""
"passed","Tue Dec 19 00:15:00 GMT 2023","Tue Dec 19 00:15:01 GMT 2023","1265","","io.novafoundation.nova.balances.BalancesIntegrationTest","","io.novafoundation.nova.balances.BalancesIntegrationTest","testBalancesLoading[OriginTrail Parachain]","testBalancesLoading[OriginTrail Parachain]",""
"passed","Tue Dec 19 00:13:16 GMT 2023","Tue Dec 19 00:13:18 GMT 2023","1678","","io.novafoundation.nova.balances.BalancesIntegrationTest","","io.novafoundation.nova.balances.BalancesIntegrationTest","testBalancesLoading[Karura]","testBalancesLoading[Karura]",""
"passed","Tue Dec 19 00:02:11 GMT 2023","Tue Dec 19 00:02:11 GMT 2023","0","tests","test_network_parameters","TestChainId","","","test_chainId[Test for Kintsugi]",""
"passed","Tue Dec 19 00:03:03 GMT 2023","Tue Dec 19 00:03:03 GMT 2023","0","tests","test_nodes_availability","","","","test_can_create_connection[Test for Acala, url: wss://acala-rpc-1.aca-api.network]",""
"passed","Tue Dec 19 00:15:32 GMT 2023","Tue Dec 19 00:15:32 GMT 2023","129","","io.novafoundation.nova.balances.BalancesIntegrationTest","","io.novafoundation.nova.balances.BalancesIntegrationTest","testFeeLoading[Frequency]","testFeeLoading[Frequency]",""
"passed","Tue Dec 19 00:13:47 GMT 2023","Tue Dec 19 00:13:48 GMT 2023","447","","io.novafoundation.nova.balances.BalancesIntegrationTest","","io.novafoundation.nova.balances.BalancesIntegrationTest","testFeeLoading[Basilisk]","testFeeLoading[Basilisk]",""
"passed","Tue Dec 19 00:02:34 GMT 2023","Tue Dec 19 00:02:34 GMT 2023","0","tests","test_network_parameters","TestPrecision","","","test_precision[Test for Zeitgeist]",""
"passed","Tue Dec 19 00:03:34 GMT 2023","Tue Dec 19 00:03:34 GMT 2023","1","tests","test_network_parameters","TestPrecision","","","test_precision[Test for Kusama Bridge Hub]",""
"passed","Tue Dec 19 00:15:27 GMT 2023","Tue Dec 19 00:15:27 GMT 2023","241","","io.novafoundation.nova.balances.BalancesIntegrationTest","","io.novafoundation.nova.balances.BalancesIntegrationTest","testFeeLoading[Bittensor]","testFeeLoading[Bittensor]",""
"passed","Tue Dec 19 00:14:27 GMT 2023","Tue Dec 19 00:14:28 GMT 2023","542","","io.novafoundation.nova.balances.BalancesIntegrationTest","","io.novafoundation.nova.balances.BalancesIntegrationTest","testFeeLoading[Parallel Heiko]","testFeeLoading[Parallel Heiko]",""
"passed","Tue Dec 19 00:14:03 GMT 2023","Tue Dec 19 00:14:03 GMT 2023","614","","io.novafoundation.nova.balances.BalancesIntegrationTest","","io.novafoundation.nova.balances.BalancesIntegrationTest","testFeeLoading[Zeitgeist]","testFeeLoading[Zeitgeist]",""
"passed","Tue Dec 19 00:01:49 GMT 2023","Tue Dec 19 00:01:51 GMT 2023","1614","tests","test_eth_nodes_availability","TestETHNodesAvailability","","","test_rpc_node_work_fast[Test for Ethereum, url: https://eth-mainnet.public.blastapi.io]",""
"passed","Tue Dec 19 00:02:00 GMT 2023","Tue Dec 19 00:02:00 GMT 2023","0","tests","test_nodes_availability","","","","test_can_create_connection[Test for Polkadot, url: wss://rpc.dotters.network/polkadot]",""
"passed","Tue Dec 19 00:13:35 GMT 2023","Tue Dec 19 00:13:36 GMT 2023","806","","io.novafoundation.nova.balances.BalancesIntegrationTest","","io.novafoundation.nova.balances.BalancesIntegrationTest","testFeeLoading[Acala]","testFeeLoading[Acala]",""
"passed","Tue Dec 19 00:14:05 GMT 2023","Tue Dec 19 00:14:06 GMT 2023","967","","io.novafoundation.nova.balances.BalancesIntegrationTest","","io.novafoundation.nova.balances.BalancesIntegrationTest","testBalancesLoading[Moonbase Alpha]","testBalancesLoading[Moonbase Alpha]",""
"passed","Tue Dec 19 00:02:10 GMT 2023","Tue Dec 19 00:02:10 GMT 2023","0","tests","test_network_parameters","TestPrecision","","","test_precision[Test for Bit.Country Pioneer]",""
"passed","Tue Dec 19 00:03:25 GMT 2023","Tue Dec 19 00:03:25 GMT 2023","0","tests","test_nodes_availability","","","","test_can_create_connection[Test for Litmus, url: wss://rpc.litmus-parachain.litentry.io]",""
"passed","Tue Dec 19 00:04:07 GMT 2023","Tue Dec 19 00:04:07 GMT 2023","1","tests","test_nodes_availability","","","","test_can_create_connection[Test for UNIQUE, url: wss://asia-ws.unique.network/]",""
"passed","Tue Dec 19 00:02:01 GMT 2023","Tue Dec 19 00:02:02 GMT 2023","625","tests","test_check_new_assets","TestAssets","","","test_has_new_assets[Test for Basilisk]",""
"passed","Tue Dec 19 00:03:09 GMT 2023","Tue Dec 19 00:03:09 GMT 2023","0","tests","test_network_parameters","TestChainId","","","test_chainId[Test for Polkadot Asset Hub]",""
"passed","Tue Dec 19 00:08:22 GMT 2023","Tue Dec 19 00:08:22 GMT 2023","0","tests","test_nodes_availability","","","","test_can_create_connection[Test for Watr, url: wss://watr-rpc.watr-api.network]",""
"passed","Tue Dec 19 00:13:20 GMT 2023","Tue Dec 19 00:13:20 GMT 2023","251","","io.novafoundation.nova.balances.BalancesIntegrationTest","","io.novafoundation.nova.balances.BalancesIntegrationTest","testFeeLoading[Moonbeam]","testFeeLoading[Moonbeam]",""
"passed","Tue Dec 19 00:01:51 GMT 2023","Tue Dec 19 00:01:51 GMT 2023","348","tests","test_eth_nodes_availability","TestETHNodesAvailability","","","test_rpc_node_work_fast[Test for Ethereum, url: https://api.securerpc.com/v1]",""
"passed","Tue Dec 19 00:01:55 GMT 2023","Tue Dec 19 00:01:55 GMT 2023","1","tests","test_nodes_availability","","","","test_can_create_connection[Test for Karura, url: wss://karura.api.onfinality.io/public-ws]",""
"passed","Tue Dec 19 00:15:04 GMT 2023","Tue Dec 19 00:15:04 GMT 2023","532","","io.novafoundation.nova.balances.BalancesIntegrationTest","","io.novafoundation.nova.balances.BalancesIntegrationTest","testFeeLoading[Moonbase Relay Testnet]","testFeeLoading[Moonbase Relay Testnet]",""
"broken","Tue Dec 19 00:05:18 GMT 2023","Tue Dec 19 00:05:18 GMT 2023","0","tests","test_nodes_availability","","","","test_can_create_connection[Test for DAO IPCI, url: wss://kusama.rpc.ipci.io]",""
"passed","Tue Dec 19 00:02:27 GMT 2023","Tue Dec 19 00:02:27 GMT 2023","1","tests","test_network_parameters","TestNetworkPrefix","","","test_address_prefix[Test for HydraDX]",""
"passed","Tue Dec 19 00:02:00 GMT 2023","Tue Dec 19 00:02:00 GMT 2023","1","tests","test_network_parameters","TestPrecision","","","test_precision[Test for Calamari]",""
"passed","Tue Dec 19 00:04:34 GMT 2023","Tue Dec 19 00:04:34 GMT 2023","0","tests","test_nodes_availability","","","","test_can_create_connection[Test for Litentry, url: wss://litentry-rpc.dwellir.com]",""
"passed","Tue Dec 19 00:04:12 GMT 2023","Tue Dec 19 00:04:12 GMT 2023","1","tests","test_network_parameters","TestNetworkPrefix","","","test_address_prefix[Test for Ajuna]",""
"passed","Tue Dec 19 00:06:37 GMT 2023","Tue Dec 19 00:06:37 GMT 2023","0","tests","test_network_parameters","TestPrecision","","","test_precision[Test for 3DPass]",""
"passed","Tue Dec 19 00:02:19 GMT 2023","Tue Dec 19 00:02:19 GMT 2023","0","tests","test_network_parameters","TestPrecision","","","test_precision[Test for Phala]",""
"passed","Tue Dec 19 00:03:11 GMT 2023","Tue Dec 19 00:03:11 GMT 2023","0","tests","test_nodes_availability","","","","test_can_create_connection[Test for Subsocial, url: wss://para.subsocial.network]",""
"passed","Tue Dec 19 00:13:18 GMT 2023","Tue Dec 19 00:13:18 GMT 2023","444","","io.novafoundation.nova.balances.BalancesIntegrationTest","","io.novafoundation.nova.balances.BalancesIntegrationTest","testFeeLoading[Karura]","testFeeLoading[Karura]",""
"passed","Tue Dec 19 00:03:05 GMT 2023","Tue Dec 19 00:03:05 GMT 2023","427","tests","test_check_new_assets","TestAssets","","","test_has_new_assets[Test for Crust]",""
"passed","Tue Dec 19 00:15:45 GMT 2023","Tue Dec 19 00:15:46 GMT 2023","646","","io.novafoundation.nova.balances.BalancesIntegrationTest","","io.novafoundation.nova.balances.BalancesIntegrationTest","testFeeLoading[Joystream]","testFeeLoading[Joystream]",""
"passed","Tue Dec 19 00:02:44 GMT 2023","Tue Dec 19 00:02:44 GMT 2023","0","tests","test_nodes_availability","","","","test_can_create_connection[Test for Kusama, url: wss://rpc-kusama.luckyfriday.io]",""
"passed","Tue Dec 19 00:02:36 GMT 2023","Tue Dec 19 00:02:37 GMT 2023","918","tests","test_check_new_assets","TestAssets","","","test_has_new_assets[Test for Composable Finance]",""
"passed","Tue Dec 19 00:03:28 GMT 2023","Tue Dec 19 00:03:29 GMT 2023","292","tests","test_check_new_assets","TestAssets","","","test_has_new_assets[Test for GIANT]",""
"broken","Tue Dec 19 00:07:04 GMT 2023","Tue Dec 19 00:07:04 GMT 2023","0","tests","test_nodes_availability","","","","test_can_create_connection[Test for Polkadex, url: wss://polkadex.public.curie.radiumblock.co/ws]",""
"passed","Tue Dec 19 00:01:58 GMT 2023","Tue Dec 19 00:01:58 GMT 2023","0","tests","test_network_parameters","TestPrecision","","","test_precision[Test for Basilisk]",""
"passed","Tue Dec 19 00:14:06 GMT 2023","Tue Dec 19 00:14:06 GMT 2023","215","","io.novafoundation.nova.balances.BalancesIntegrationTest","","io.novafoundation.nova.balances.BalancesIntegrationTest","testFeeLoading[Moonbase Alpha]","testFeeLoading[Moonbase Alpha]",""
"passed","Tue Dec 19 00:01:58 GMT 2023","Tue Dec 19 00:01:59 GMT 2023","754","tests","test_check_new_assets","TestAssets","","","test_has_new_assets[Test for KILT]",""
"passed","Tue Dec 19 00:01:58 GMT 2023","Tue Dec 19 00:01:58 GMT 2023","0","tests","test_network_parameters","TestChainId","","","test_chainId[Test for Moonriver]",""
"passed","Tue Dec 19 00:01:49 GMT 2023","Tue Dec 19 00:01:50 GMT 2023","577","tests","test_eth_nodes_availability","TestETHNodesAvailability","","","test_rpc_node_work_fast[Test for Ethereum, url: https://1rpc.io/eth]",""
"passed","Tue Dec 19 00:01:59 GMT 2023","Tue Dec 19 00:01:59 GMT 2023","0","tests","test_network_parameters","TestNetworkPrefix","","","test_address_prefix[Test for QUARTZ]",""
"passed","Tue Dec 19 00:07:55 GMT 2023","Tue Dec 19 00:07:55 GMT 2023","0","tests","test_nodes_availability","","","","test_can_create_connection[Test for Imbue, url: wss://kusama.imbuenetwork.com]",""
"passed","Tue Dec 19 00:15:31 GMT 2023","Tue Dec 19 00:15:32 GMT 2023","205","","io.novafoundation.nova.balances.BalancesIntegrationTest","","io.novafoundation.nova.balances.BalancesIntegrationTest","testFeeLoading[Imbue]","testFeeLoading[Imbue]",""
"passed","Tue Dec 19 00:02:36 GMT 2023","Tue Dec 19 00:02:36 GMT 2023","0","tests","test_network_parameters","TestNetworkPrefix","","","test_address_prefix[Test for Tinkernet]",""
"passed","Tue Dec 19 00:03:53 GMT 2023","Tue Dec 19 00:03:53 GMT 2023","0","tests","test_network_parameters","TestPrecision","","","test_precision[Test for Joystream]",""
"passed","Tue Dec 19 00:02:14 GMT 2023","Tue Dec 19 00:02:15 GMT 2023","796","tests","test_check_new_assets","TestAssets","","","test_has_new_assets[Test for Acala]",""
"passed","Tue Dec 19 00:15:31 GMT 2023","Tue Dec 19 00:15:31 GMT 2023","632","","io.novafoundation.nova.balances.BalancesIntegrationTest","","io.novafoundation.nova.balances.BalancesIntegrationTest","testBalancesLoading[Imbue]","testBalancesLoading[Imbue]",""
"passed","Tue Dec 19 00:02:56 GMT 2023","Tue Dec 19 00:02:56 GMT 2023","0","tests","test_network_parameters","TestChainId","","","test_chainId[Test for Tinkernet]",""
"passed","Tue Dec 19 00:03:02 GMT 2023","Tue Dec 19 00:03:02 GMT 2023","328","tests","test_check_new_assets","TestAssets","","","test_has_new_assets[Test for Pendulum]",""
"passed","Tue Dec 19 00:02:30 GMT 2023","Tue Dec 19 00:02:30 GMT 2023","1","tests","test_network_parameters","TestNetworkPrefix","","","test_address_prefix[Test for Litmus]",""
"passed","Tue Dec 19 00:02:09 GMT 2023","Tue Dec 19 00:02:09 GMT 2023","1","tests","test_network_parameters","TestNetworkPrefix","","","test_address_prefix[Test for Encointer]",""
"broken","Tue Dec 19 00:03:23 GMT 2023","Tue Dec 19 00:03:23 GMT 2023","0","tests","test_check_new_assets","TestAssets","","","test_has_new_assets[Test for DAO IPCI]",""
"broken","Tue Dec 19 00:15:17 GMT 2023","Tue Dec 19 00:15:18 GMT 2023","390","","io.novafoundation.nova.balances.BalancesIntegrationTest","","io.novafoundation.nova.balances.BalancesIntegrationTest","testFeeLoading[Polymesh Mainnet]","testFeeLoading[Polymesh Mainnet]",""
"passed","Tue Dec 19 00:15:36 GMT 2023","Tue Dec 19 00:15:37 GMT 2023","505","","io.novafoundation.nova.balances.BalancesIntegrationTest","","io.novafoundation.nova.balances.BalancesIntegrationTest","testFeeLoading[krest]","testFeeLoading[krest]",""
"passed","Tue Dec 19 00:15:35 GMT 2023","Tue Dec 19 00:15:35 GMT 2023","71","","io.novafoundation.nova.balances.BalancesIntegrationTest","","io.novafoundation.nova.balances.BalancesIntegrationTest","testFeeLoading[Polkadot Collectives]","testFeeLoading[Polkadot Collectives]",""
"passed","Tue Dec 19 00:02:22 GMT 2023","Tue Dec 19 00:02:22 GMT 2023","0","tests","test_network_parameters","TestNetworkPrefix","","","test_address_prefix[Test for Zeitgeist]",""
"passed","Tue Dec 19 00:13:43 GMT 2023","Tue Dec 19 00:13:45 GMT 2023","2357","","io.novafoundation.nova.balances.BalancesIntegrationTest","","io.novafoundation.nova.balances.BalancesIntegrationTest","testBalancesLoading[Clover]","testBalancesLoading[Clover]",""
"passed","Tue Dec 19 00:02:00 GMT 2023","Tue Dec 19 00:02:00 GMT 2023","0","tests","test_network_parameters","TestChainId","","","test_chainId[Test for Westend]",""
"passed","Tue Dec 19 00:06:42 GMT 2023","Tue Dec 19 00:06:42 GMT 2023","0","tests","test_nodes_availability","","","","test_can_create_connection[Test for Kusama Asset Hub, url: wss://statemine-rpc.dwellir.com]",""
"passed","Tue Dec 19 00:08:29 GMT 2023","Tue Dec 19 00:08:29 GMT 2023","0","tests","test_nodes_availability","","","","test_can_create_connection[Test for Dock, url: wss://mainnet-node.dock.io]",""
"passed","Tue Dec 19 00:02:12 GMT 2023","Tue Dec 19 00:02:13 GMT 2023","852","tests","test_check_new_assets","TestAssets","","","test_has_new_assets[Test for Robonomics]",""
"passed","Tue Dec 19 00:03:47 GMT 2023","Tue Dec 19 00:03:47 GMT 2023","0","tests","test_network_parameters","TestChainId","","","test_chainId[Test for Enjin]",""
"passed","Tue Dec 19 00:02:29 GMT 2023","Tue Dec 19 00:02:30 GMT 2023","986","tests","test_check_new_assets","TestAssets","","","test_has_new_assets[Test for Zeitgeist]",""
"passed","Tue Dec 19 00:02:39 GMT 2023","Tue Dec 19 00:02:39 GMT 2023","1","tests","test_nodes_availability","","","","test_can_create_connection[Test for Calamari, url: wss://calamari.systems]",""
"passed","Tue Dec 19 00:02:27 GMT 2023","Tue Dec 19 00:02:28 GMT 2023","766","tests","test_check_new_assets","TestAssets","","","test_has_new_assets[Test for Phala]",""
"passed","Tue Dec 19 00:15:37 GMT 2023","Tue Dec 19 00:15:37 GMT 2023","758","","io.novafoundation.nova.balances.BalancesIntegrationTest","","io.novafoundation.nova.balances.BalancesIntegrationTest","testBalancesLoading[Jur]","testBalancesLoading[Jur]",""
"passed","Tue Dec 19 00:06:59 GMT 2023","Tue Dec 19 00:06:59 GMT 2023","0","tests","test_nodes_availability","","","","test_can_create_connection[Test for Frequency, url: wss://0.rpc.frequency.xyz]",""
"passed","Tue Dec 19 00:15:27 GMT 2023","Tue Dec 19 00:15:28 GMT 2023","1368","","io.novafoundation.nova.balances.BalancesIntegrationTest","","io.novafoundation.nova.balances.BalancesIntegrationTest","testBalancesLoading[3DPass]","testBalancesLoading[3DPass]",""
"passed","Tue Dec 19 00:03:50 GMT 2023","Tue Dec 19 00:03:50 GMT 2023","1","tests","test_nodes_availability","","","","test_can_create_connection[Test for Turing, url: wss://rpc.turing.oak.tech]",""
"passed","Tue Dec 19 00:02:11 GMT 2023","Tue Dec 19 00:02:11 GMT 2023","1","tests","test_network_parameters","TestChainId","","","test_chainId[Test for Interlay]",""
"passed","Tue Dec 19 00:01:56 GMT 2023","Tue Dec 19 00:01:58 GMT 2023","1651","tests","test_check_new_assets","TestAssets","","","test_has_new_assets[Test for Karura]",""
"passed","Tue Dec 19 00:02:01 GMT 2023","Tue Dec 19 00:02:01 GMT 2023","0","tests","test_network_parameters","TestChainId","","","test_chainId[Test for Shiden]",""
"passed","Tue Dec 19 00:02:30 GMT 2023","Tue Dec 19 00:02:30 GMT 2023","0","tests","test_network_parameters","TestPrecision","","","test_precision[Test for CLV Parachain]",""
"passed","Tue Dec 19 00:01:57 GMT 2023","Tue Dec 19 00:01:57 GMT 2023","0","tests","test_network_parameters","TestPrecision","","","test_precision[Test for Kusama]",""
"passed","Tue Dec 19 00:03:51 GMT 2023","Tue Dec 19 00:03:51 GMT 2023","0","tests","test_network_parameters","TestPrecision","","","test_precision[Test for OriginTrail Parachain]",""
"passed","Tue Dec 19 00:14:18 GMT 2023","Tue Dec 19 00:14:19 GMT 2023","614","","io.novafoundation.nova.balances.BalancesIntegrationTest","","io.novafoundation.nova.balances.BalancesIntegrationTest","testFeeLoading[Phala]","testFeeLoading[Phala]",""
"passed","Tue Dec 19 00:02:23 GMT 2023","Tue Dec 19 00:02:23 GMT 2023","0","tests","test_network_parameters","TestNetworkPrefix","","","test_address_prefix[Test for Phala]",""
"passed","Tue Dec 19 00:14:12 GMT 2023","Tue Dec 19 00:14:13 GMT 2023","1151","","io.novafoundation.nova.balances.BalancesIntegrationTest","","io.novafoundation.nova.balances.BalancesIntegrationTest","testFeeLoading[Crust Shadow]","testFeeLoading[Crust Shadow]",""
"passed","Tue Dec 19 00:15:19 GMT 2023","Tue Dec 19 00:15:20 GMT 2023","575","","io.novafoundation.nova.balances.BalancesIntegrationTest","","io.novafoundation.nova.balances.BalancesIntegrationTest","testBalancesLoading[Myriad]","testBalancesLoading[Myriad]",""
"passed","Tue Dec 19 00:03:27 GMT 2023","Tue Dec 19 00:03:27 GMT 2023","0","tests","test_network_parameters","TestNetworkPrefix","","","test_address_prefix[Test for Enjin]",""
"passed","Tue Dec 19 00:14:58 GMT 2023","Tue Dec 19 00:14:59 GMT 2023","1275","","io.novafoundation.nova.balances.BalancesIntegrationTest","","io.novafoundation.nova.balances.BalancesIntegrationTest","testBalancesLoading[UNIQUE]","testBalancesLoading[UNIQUE]",""
"passed","Tue Dec 19 00:03:29 GMT 2023","Tue Dec 19 00:03:29 GMT 2023","0","tests","test_nodes_availability","","","","test_can_create_connection[Test for Integritee Parachain, url: wss://integritee-kusama.api.onfinality.io/public-ws]",""
"passed","Tue Dec 19 00:02:22 GMT 2023","Tue Dec 19 00:02:22 GMT 2023","0","tests","test_network_parameters","TestPrecision","","","test_precision[Test for HydraDX]",""
"passed","Tue Dec 19 00:08:02 GMT 2023","Tue Dec 19 00:08:02 GMT 2023","0","tests","test_nodes_availability","","","","test_can_create_connection[Test for Tinkernet, url: wss://tinkernet-rpc.dwellir.com]",""
"passed","Tue Dec 19 00:03:09 GMT 2023","Tue Dec 19 00:03:09 GMT 2023","0","tests","test_network_parameters","TestNetworkPrefix","","","test_address_prefix[Test for Crab]",""
"passed","Tue Dec 19 00:15:22 GMT 2023","Tue Dec 19 00:15:22 GMT 2023","600","","io.novafoundation.nova.balances.BalancesIntegrationTest","","io.novafoundation.nova.balances.BalancesIntegrationTest","testBalancesLoading[Pendulum]","testBalancesLoading[Pendulum]",""
"passed","Tue Dec 19 00:02:02 GMT 2023","Tue Dec 19 00:02:03 GMT 2023","215","tests","test_check_new_assets","TestAssets","","","test_has_new_assets[Test for Moonriver]",""
"passed","Tue Dec 19 00:15:34 GMT 2023","Tue Dec 19 00:15:34 GMT 2023","430","","io.novafoundation.nova.balances.BalancesIntegrationTest","","io.novafoundation.nova.balances.BalancesIntegrationTest","testBalancesLoading[Kusama Bridge Hub]","testBalancesLoading[Kusama Bridge Hub]",""
"passed","Tue Dec 19 00:13:18 GMT 2023","Tue Dec 19 00:13:20 GMT 2023","1125","","io.novafoundation.nova.balances.BalancesIntegrationTest","","io.novafoundation.nova.balances.BalancesIntegrationTest","testBalancesLoading[Moonbeam]","testBalancesLoading[Moonbeam]",""
"passed","Tue Dec 19 00:02:40 GMT 2023","Tue Dec 19 00:02:40 GMT 2023","236","tests","test_check_new_assets","TestAssets","","","test_has_new_assets[Test for Imbue]",""
"passed","Tue Dec 19 00:13:21 GMT 2023","Tue Dec 19 00:13:24 GMT 2023","2499","","io.novafoundation.nova.balances.BalancesIntegrationTest","","io.novafoundation.nova.balances.BalancesIntegrationTest","testBalancesLoading[Bifrost]","testBalancesLoading[Bifrost]",""
"passed","Tue Dec 19 00:13:48 GMT 2023","Tue Dec 19 00:13:49 GMT 2023","137","","io.novafoundation.nova.balances.BalancesIntegrationTest","","io.novafoundation.nova.balances.BalancesIntegrationTest","testFeeLoading[QUARTZ]","testFeeLoading[QUARTZ]",""
"passed","Tue Dec 19 00:01:57 GMT 2023","Tue Dec 19 00:01:57 GMT 2023","0","tests","test_network_parameters","TestChainId","","","test_chainId[Test for Basilisk]",""
"passed","Tue Dec 19 00:03:43 GMT 2023","Tue Dec 19 00:03:44 GMT 2023","583","tests","test_check_new_assets","TestAssets","","","test_has_new_assets[Test for Dock]",""
"passed","Tue Dec 19 00:14:21 GMT 2023","Tue Dec 19 00:14:22 GMT 2023","152","","io.novafoundation.nova.balances.BalancesIntegrationTest","","io.novafoundation.nova.balances.BalancesIntegrationTest","testFeeLoading[Aleph Zero]","testFeeLoading[Aleph Zero]",""
"passed","Tue Dec 19 00:07:14 GMT 2023","Tue Dec 19 00:07:14 GMT 2023","0","tests","test_nodes_availability","","","","test_can_create_connection[Test for Polkadot Collectives, url: wss://sys.ibp.network/collectives-polkadot]",""
"passed","Tue Dec 19 00:02:58 GMT 2023","Tue Dec 19 00:02:58 GMT 2023","0","tests","test_nodes_availability","","","","test_can_create_connection[Test for Encointer, url: wss://sys.dotters.network/encointer-kusama]",""
"passed","Tue Dec 19 00:13:48 GMT 2023","Tue Dec 19 00:13:48 GMT 2023","569","","io.novafoundation.nova.balances.BalancesIntegrationTest","","io.novafoundation.nova.balances.BalancesIntegrationTest","testBalancesLoading[QUARTZ]","testBalancesLoading[QUARTZ]",""
"passed","Tue Dec 19 00:01:56 GMT 2023","Tue Dec 19 00:01:56 GMT 2023","0","tests","test_network_parameters","TestPrecision","","","test_precision[Test for KILT]",""
"passed","Tue Dec 19 00:03:37 GMT 2023","Tue Dec 19 00:03:37 GMT 2023","0","tests","test_nodes_availability","","","","test_can_create_connection[Test for Interlay, url: wss://interlay-rpc.dwellir.com]",""
"passed","Tue Dec 19 00:08:12 GMT 2023","Tue Dec 19 00:08:12 GMT 2023","0","tests","test_nodes_availability","","","","test_can_create_connection[Test for krest, url: wss://wss-krest.peaq.network]",""
"passed","Tue Dec 19 00:13:16 GMT 2023","Tue Dec 19 00:13:16 GMT 2023","186","","io.novafoundation.nova.balances.BalancesIntegrationTest","","io.novafoundation.nova.balances.BalancesIntegrationTest","testFeeLoading[Statemine]","testFeeLoading[Statemine]",""
"passed","Tue Dec 19 00:03:39 GMT 2023","Tue Dec 19 00:03:39 GMT 2023","0","tests","test_nodes_availability","","","","test_can_create_connection[Test for Centrifuge Parachain, url: wss://centrifuge-parachain.api.onfinality.io/public-ws]",""
"passed","Tue Dec 19 00:03:37 GMT 2023","Tue Dec 19 00:03:37 GMT 2023","0","tests","test_network_parameters","TestChainId","","","test_chainId[Test for Kusama Bridge Hub]",""
"passed","Tue Dec 19 00:04:26 GMT 2023","Tue Dec 19 00:04:26 GMT 2023","0","tests","test_nodes_availability","","","","test_can_create_connection[Test for Bifrost Polkadot, url: wss://hk.p.bifrost-rpc.liebi.com/ws]",""
"passed","Tue Dec 19 00:03:11 GMT 2023","Tue Dec 19 00:03:11 GMT 2023","382","tests","test_check_new_assets","TestAssets","","","test_has_new_assets[Test for Bittensor]",""
"passed","Tue Dec 19 00:14:19 GMT 2023","Tue Dec 19 00:14:20 GMT 2023","978","","io.novafoundation.nova.balances.BalancesIntegrationTest","","io.novafoundation.nova.balances.BalancesIntegrationTest","testBalancesLoading[Turing]","testBalancesLoading[Turing]",""
"passed","Tue Dec 19 00:02:44 GMT 2023","Tue Dec 19 00:02:44 GMT 2023","0","tests","test_nodes_availability","","","","test_can_create_connection[Test for QUARTZ, url: wss://eu-ws-quartz.unique.network]",""
"passed","Tue Dec 19 00:02:13 GMT 2023","Tue Dec 19 00:02:13 GMT 2023","0","tests","test_network_parameters","TestPrecision","","","test_precision[Test for Integritee Parachain]",""
"passed","Tue Dec 19 00:02:01 GMT 2023","Tue Dec 19 00:02:01 GMT 2023","1","tests","test_network_parameters","TestNetworkPrefix","","","test_address_prefix[Test for Kusama Asset Hub]",""
"passed","Tue Dec 19 00:06:38 GMT 2023","Tue Dec 19 00:06:38 GMT 2023","0","tests","test_nodes_availability","","","","test_can_create_connection[Test for Kusama Asset Hub, url: wss://sys.dotters.network/statemine]",""
"passed","Tue Dec 19 00:02:05 GMT 2023","Tue Dec 19 00:02:05 GMT 2023","0","tests","test_network_parameters","TestNetworkPrefix","","","test_address_prefix[Test for Shiden]",""
"passed","Tue Dec 19 00:02:15 GMT 2023","Tue Dec 19 00:02:15 GMT 2023","0","tests","test_network_parameters","TestNetworkPrefix","","","test_address_prefix[Test for Astar]",""
"passed","Tue Dec 19 00:03:31 GMT 2023","Tue Dec 19 00:03:31 GMT 2023","0","tests","test_network_parameters","TestPrecision","","","test_precision[Test for GIANT]",""
"passed","Tue Dec 19 00:13:36 GMT 2023","Tue Dec 19 00:13:38 GMT 2023","1972","","io.novafoundation.nova.balances.BalancesIntegrationTest","","io.novafoundation.nova.balances.BalancesIntegrationTest","testBalancesLoading[Astar]","testBalancesLoading[Astar]",""
"passed","Tue Dec 19 00:03:49 GMT 2023","Tue Dec 19 00:03:49 GMT 2023","1","tests","test_network_parameters","TestPrecision","","","test_precision[Test for Watr]",""
"passed","Tue Dec 19 00:02:00 GMT 2023","Tue Dec 19 00:02:00 GMT 2023","0","tests","test_network_parameters","TestChainId","","","test_chainId[Test for Calamari]",""
"passed","Tue Dec 19 00:03:08 GMT 2023","Tue Dec 19 00:03:09 GMT 2023","784","tests","test_check_new_assets","TestAssets","","","test_has_new_assets[Test for Aventus]",""
"passed","Tue Dec 19 00:03:14 GMT 2023","Tue Dec 19 00:03:14 GMT 2023","834","tests","test_check_new_assets","TestAssets","","","test_has_new_assets[Test for Ajuna]",""
"passed","Tue Dec 19 00:06:54 GMT 2023","Tue Dec 19 00:06:54 GMT 2023","0","tests","test_nodes_availability","","","","test_can_create_connection[Test for Crab, url: wss://darwiniacrab-rpc.dwellir.com]",""
"passed","Tue Dec 19 00:08:47 GMT 2023","Tue Dec 19 00:08:47 GMT 2023","0","tests","test_nodes_availability","","","","test_can_create_connection[Test for Enjin, url: wss://rpc.matrix.blockchain.enjin.io]",""
"passed","Tue Dec 19 00:07:01 GMT 2023","Tue Dec 19 00:07:01 GMT 2023","0","tests","test_nodes_availability","","","","test_can_create_connection[Test for Vara, url: wss://rpc.vara-network.io]",""
"passed","Tue Dec 19 00:14:59 GMT 2023","Tue Dec 19 00:15:00 GMT 2023","540","","io.novafoundation.nova.balances.BalancesIntegrationTest","","io.novafoundation.nova.balances.BalancesIntegrationTest","testFeeLoading[UNIQUE]","testFeeLoading[UNIQUE]",""
"passed","Tue Dec 19 00:02:57 GMT 2023","Tue Dec 19 00:02:57 GMT 2023","0","tests","test_network_parameters","TestChainId","","","test_chainId[Test for Litentry]",""
"passed","Tue Dec 19 00:03:20 GMT 2023","Tue Dec 19 00:03:20 GMT 2023","0","tests","test_nodes_availability","","","","test_can_create_connection[Test for Crust Shadow, url: wss://rpc-shadow.crust.network/]",""
"passed","Tue Dec 19 00:02:52 GMT 2023","Tue Dec 19 00:02:52 GMT 2023","1","tests","test_network_parameters","TestChainId","","","test_chainId[Test for Imbue]",""
"passed","Tue Dec 19 00:15:46 GMT 2023","Tue Dec 19 00:15:48 GMT 2023","1706","","io.novafoundation.nova.balances.BalancesIntegrationTest","","io.novafoundation.nova.balances.BalancesIntegrationTest","testBalancesLoading[Dock]","testBalancesLoading[Dock]",""
"passed","Tue Dec 19 00:03:25 GMT 2023","Tue Dec 19 00:03:25 GMT 2023","268","tests","test_check_new_assets","TestAssets","","","test_has_new_assets[Test for Myriad]",""
"passed","Tue Dec 19 00:15:19 GMT 2023","Tue Dec 19 00:15:19 GMT 2023","654","","io.novafoundation.nova.balances.BalancesIntegrationTest","","io.novafoundation.nova.balances.BalancesIntegrationTest","testFeeLoading[DAO IPCI]","testFeeLoading[DAO IPCI]",""
"passed","Tue Dec 19 00:02:25 GMT 2023","Tue Dec 19 00:02:25 GMT 2023","1","tests","test_nodes_availability","","","","test_can_create_connection[Test for Shiden, url: wss://shiden.api.onfinality.io/public-ws]",""
"passed","Tue Dec 19 00:15:34 GMT 2023","Tue Dec 19 00:15:34 GMT 2023","77","","io.novafoundation.nova.balances.BalancesIntegrationTest","","io.novafoundation.nova.balances.BalancesIntegrationTest","testFeeLoading[GIANT]","testFeeLoading[GIANT]",""
"passed","Tue Dec 19 00:03:39 GMT 2023","Tue Dec 19 00:03:39 GMT 2023","0","tests","test_network_parameters","TestPrecision","","","test_precision[Test for krest]",""
"passed","Tue Dec 19 00:14:00 GMT 2023","Tue Dec 19 00:14:00 GMT 2023","732","","io.novafoundation.nova.balances.BalancesIntegrationTest","","io.novafoundation.nova.balances.BalancesIntegrationTest","testFeeLoading[Centrifuge Parachain]","testFeeLoading[Centrifuge Parachain]",""
"passed","Tue Dec 19 00:06:51 GMT 2023","Tue Dec 19 00:06:51 GMT 2023","0","tests","test_nodes_availability","","","","test_can_create_connection[Test for Crab, url: wss://crab-rpc.darwinia.network/]",""
"passed","Tue Dec 19 00:03:52 GMT 2023","Tue Dec 19 00:03:52 GMT 2023","0","tests","test_network_parameters","TestChainId","","","test_chainId[Test for Joystream]",""
"passed","Tue Dec 19 00:02:34 GMT 2023","Tue Dec 19 00:02:35 GMT 2023","722","tests","test_check_new_assets","TestAssets","","","test_has_new_assets[Test for Centrifuge Parachain]",""
"passed","Tue Dec 19 00:02:53 GMT 2023","Tue Dec 19 00:02:53 GMT 2023","0","tests","test_network_parameters","TestPrecision","","","test_precision[Test for XX network]",""
"passed","Tue Dec 19 00:15:23 GMT 2023","Tue Dec 19 00:15:24 GMT 2023","424","","io.novafoundation.nova.balances.BalancesIntegrationTest","","io.novafoundation.nova.balances.BalancesIntegrationTest","testFeeLoading[Aventus]","testFeeLoading[Aventus]",""
"passed","Tue Dec 19 00:14:09 GMT 2023","Tue Dec 19 00:14:09 GMT 2023","651","","io.novafoundation.nova.balances.BalancesIntegrationTest","","io.novafoundation.nova.balances.BalancesIntegrationTest","testFeeLoading[Subsocial Parachain]","testFeeLoading[Subsocial Parachain]",""
"passed","Tue Dec 19 00:02:36 GMT 2023","Tue Dec 19 00:02:36 GMT 2023","1","tests","test_nodes_availability","","","","test_can_create_connection[Test for KILT, url: wss://spiritnet.api.onfinality.io/public-ws]",""
"passed","Tue Dec 19 00:03:41 GMT 2023","Tue Dec 19 00:03:41 GMT 2023","0","tests","test_network_parameters","TestChainId","","","test_chainId[Test for krest]",""
"passed","Tue Dec 19 00:14:07 GMT 2023","Tue Dec 19 00:14:09 GMT 2023","1581","","io.novafoundation.nova.balances.BalancesIntegrationTest","","io.novafoundation.nova.balances.BalancesIntegrationTest","testBalancesLoading[Subsocial Parachain]","testBalancesLoading[Subsocial Parachain]",""
"passed","Tue Dec 19 00:02:38 GMT 2023","Tue Dec 19 00:02:38 GMT 2023","0","tests","test_network_parameters","TestNetworkPrefix","","","test_address_prefix[Test for Bajun]",""
"passed","Tue Dec 19 00:02:56 GMT 2023","Tue Dec 19 00:02:56 GMT 2023","0","tests","test_nodes_availability","","","","test_can_create_connection[Test for Encointer, url: wss://sys.ibp.network/encointer-kusama]",""
"passed","Tue Dec 19 00:01:53 GMT 2023","Tue Dec 19 00:01:53 GMT 2023","0","tests","test_network_parameters","TestNetworkPrefix","","","test_address_prefix[Test for Karura]",""
"passed","Tue Dec 19 00:08:08 GMT 2023","Tue Dec 19 00:08:08 GMT 2023","0","tests","test_nodes_availability","","","","test_can_create_connection[Test for Ternoa, url: wss://mainnet.ternoa.network]",""
"passed","Tue Dec 19 00:02:47 GMT 2023","Tue Dec 19 00:02:48 GMT 2023","334","tests","test_check_new_assets","TestAssets","","","test_has_new_assets[Test for Amplitude]",""
"broken","Tue Dec 19 00:05:54 GMT 2023","Tue Dec 19 00:05:54 GMT 2023","0","tests","test_nodes_availability","","","","test_can_create_connection[Test for Kusama, url: wss://kusama.api.onfinality.io/public-ws]",""
"passed","Tue Dec 19 00:04:30 GMT 2023","Tue Dec 19 00:04:30 GMT 2023","1","tests","test_nodes_availability","","","","test_can_create_connection[Test for Litentry, url: wss://rpc.litentry-parachain.litentry.io]",""
"passed","Tue Dec 19 00:06:58 GMT 2023","Tue Dec 19 00:06:58 GMT 2023","0","tests","test_nodes_availability","","","","test_can_create_connection[Test for Crab, url: wss://crab-rpc.darwiniacommunitydao.xyz]",""
"passed","Tue Dec 19 00:03:40 GMT 2023","Tue Dec 19 00:03:40 GMT 2023","308","tests","test_check_new_assets","TestAssets","","","test_has_new_assets[Test for Enjin]",""
"passed","Tue Dec 19 00:02:19 GMT 2023","Tue Dec 19 00:02:20 GMT 2023","804","tests","test_check_new_assets","TestAssets","","","test_has_new_assets[Test for Kintsugi]",""
"passed","Tue Dec 19 00:02:02 GMT 2023","Tue Dec 19 00:02:02 GMT 2023","399","tests","test_check_new_assets","TestAssets","","","test_has_new_assets[Test for Calamari]",""
"passed","Tue Dec 19 00:02:48 GMT 2023","Tue Dec 19 00:02:48 GMT 2023","0","tests","test_network_parameters","TestPrecision","","","test_precision[Test for Tinkernet]",""
"passed","Tue Dec 19 00:02:58 GMT 2023","Tue Dec 19 00:02:58 GMT 2023","0","tests","test_network_parameters","TestChainId","","","test_chainId[Test for Amplitude]",""
"passed","Tue Dec 19 00:05:40 GMT 2023","Tue Dec 19 00:05:40 GMT 2023","1","tests","test_nodes_availability","","","","test_can_create_connection[Test for Crust, url: wss://crust-parachain.crustapps.net]",""
"passed","Tue Dec 19 00:14:06 GMT 2023","Tue Dec 19 00:14:07 GMT 2023","521","","io.novafoundation.nova.balances.BalancesIntegrationTest","","io.novafoundation.nova.balances.BalancesIntegrationTest","testBalancesLoading[Encointer]","testBalancesLoading[Encointer]",""
"passed","Tue Dec 19 00:02:19 GMT 2023","Tue Dec 19 00:02:19 GMT 2023","0","tests","test_network_parameters","TestChainId","","","test_chainId[Test for Phala]",""
"passed","Tue Dec 19 00:13:50 GMT 2023","Tue Dec 19 00:13:51 GMT 2023","1015","","io.novafoundation.nova.balances.BalancesIntegrationTest","","io.novafoundation.nova.balances.BalancesIntegrationTest","testBalancesLoading[Robonomics]","testBalancesLoading[Robonomics]",""
"passed","Tue Dec 19 00:02:02 GMT 2023","Tue Dec 19 00:02:02 GMT 2023","0","tests","test_network_parameters","TestPrecision","","","test_precision[Test for QUARTZ]",""
"passed","Tue Dec 19 00:15:05 GMT 2023","Tue Dec 19 00:15:06 GMT 2023","655","","io.novafoundation.nova.balances.BalancesIntegrationTest","","io.novafoundation.nova.balances.BalancesIntegrationTest","testFeeLoading[Kabocha]","testFeeLoading[Kabocha]",""
"passed","Tue Dec 19 00:06:00 GMT 2023","Tue Dec 19 00:06:00 GMT 2023","0","tests","test_nodes_availability","","","","test_can_create_connection[Test for Westend, url: wss://rpc.ibp.network/westend]",""
"passed","Tue Dec 19 00:13:54 GMT 2023","Tue Dec 19 00:13:56 GMT 2023","2269","","io.novafoundation.nova.balances.BalancesIntegrationTest","","io.novafoundation.nova.balances.BalancesIntegrationTest","testBalancesLoading[Litmus]","testBalancesLoading[Litmus]",""
"passed","Tue Dec 19 00:15:04 GMT 2023","Tue Dec 19 00:15:05 GMT 2023","900","","io.novafoundation.nova.balances.BalancesIntegrationTest","","io.novafoundation.nova.balances.BalancesIntegrationTest","testBalancesLoading[Kabocha]","testBalancesLoading[Kabocha]",""
"passed","Tue Dec 19 00:02:16 GMT 2023","Tue Dec 19 00:02:18 GMT 2023","1162","tests","test_check_new_assets","TestAssets","","","test_has_new_assets[Test for Crust Shadow]",""
"passed","Tue Dec 19 00:15:13 GMT 2023","Tue Dec 19 00:15:13 GMT 2023","496","","io.novafoundation.nova.balances.BalancesIntegrationTest","","io.novafoundation.nova.balances.BalancesIntegrationTest","testFeeLoading[Ternoa]","testFeeLoading[Ternoa]",""
"passed","Tue Dec 19 00:02:04 GMT 2023","Tue Dec 19 00:02:04 GMT 2023","0","tests","test_network_parameters","TestPrecision","","","test_precision[Test for Altair]",""
"passed","Tue Dec 19 00:02:15 GMT 2023","Tue Dec 19 00:02:15 GMT 2023","0","tests","test_network_parameters","TestPrecision","","","test_precision[Test for Nodle Parachain]",""
"passed","Tue Dec 19 00:02:42 GMT 2023","Tue Dec 19 00:02:42 GMT 2023","0","tests","test_nodes_availability","","","","test_can_create_connection[Test for Kusama, url: wss://kusama-rpc.dwellir.com]",""
"passed","Tue Dec 19 00:03:18 GMT 2023","Tue Dec 19 00:03:18 GMT 2023","783","tests","test_check_new_assets","TestAssets","","","test_has_new_assets[Test for 3DPass]",""
"passed","Tue Dec 19 00:01:50 GMT 2023","Tue Dec 19 00:01:50 GMT 2023","241","tests","test_eth_nodes_availability","TestETHNodesAvailability","","","test_rpc_node_work_fast[Test for Ethereum, url: https://rpc.ankr.com/eth]",""
"passed","Tue Dec 19 00:01:53 GMT 2023","Tue Dec 19 00:01:53 GMT 2023","0","tests","test_network_parameters","TestPrecision","","","test_precision[Test for Polkadot]",""
"broken","Tue Dec 19 00:04:01 GMT 2023","Tue Dec 19 00:04:01 GMT 2023","0","tests","test_nodes_availability","","","","test_can_create_connection[Test for Polkadot Asset Hub, url: wss://statemint.api.onfinality.io/public-ws]",""
"passed","Tue Dec 19 00:01:54 GMT 2023","Tue Dec 19 00:01:54 GMT 2023","0","tests","test_network_parameters","TestPrecision","","","test_precision[Test for Karura]",""
"passed","Tue Dec 19 00:02:41 GMT 2023","Tue Dec 19 00:02:41 GMT 2023","0","tests","test_nodes_availability","","","","test_can_create_connection[Test for QUARTZ, url: wss://quartz.unique.network]",""
"passed","Tue Dec 19 00:03:06 GMT 2023","Tue Dec 19 00:03:06 GMT 2023","0","tests","test_network_parameters","TestChainId","","","test_chainId[Test for CLV Parachain]",""
"passed","Tue Dec 19 00:15:22 GMT 2023","Tue Dec 19 00:15:23 GMT 2023","107","","io.novafoundation.nova.balances.BalancesIntegrationTest","","io.novafoundation.nova.balances.BalancesIntegrationTest","testFeeLoading[Pendulum]","testFeeLoading[Pendulum]",""
"passed","Tue Dec 19 00:07:53 GMT 2023","Tue Dec 19 00:07:53 GMT 2023","1","tests","test_nodes_availability","","","","test_can_create_connection[Test for Bajun, url: wss://bajun.api.onfinality.io/public-ws]",""
"passed","Tue Dec 19 00:14:13 GMT 2023","Tue Dec 19 00:14:14 GMT 2023","1452","","io.novafoundation.nova.balances.BalancesIntegrationTest","","io.novafoundation.nova.balances.BalancesIntegrationTest","testBalancesLoading[HydraDX]","testBalancesLoading[HydraDX]",""
"passed","Tue Dec 19 00:01:55 GMT 2023","Tue Dec 19 00:01:55 GMT 2023","0","tests","test_network_parameters","TestNetworkPrefix","","","test_address_prefix[Test for Moonbeam]",""
"passed","Tue Dec 19 00:15:43 GMT 2023","Tue Dec 19 00:15:43 GMT 2023","77","","io.novafoundation.nova.balances.BalancesIntegrationTest","","io.novafoundation.nova.balances.BalancesIntegrationTest","testFeeLoading[Polkadot Bridge Hub]","testFeeLoading[Polkadot Bridge Hub]",""
"passed","Tue Dec 19 00:15:37 GMT 2023","Tue Dec 19 00:15:38 GMT 2023","462","","io.novafoundation.nova.balances.BalancesIntegrationTest","","io.novafoundation.nova.balances.BalancesIntegrationTest","testFeeLoading[Jur]","testFeeLoading[Jur]",""
"passed","Tue Dec 19 00:02:06 GMT 2023","Tue Dec 19 00:02:06 GMT 2023","0","tests","test_network_parameters","TestPrecision","","","test_precision[Test for Encointer]",""
"passed","Tue Dec 19 00:02:53 GMT 2023","Tue Dec 19 00:02:53 GMT 2023","0","tests","test_network_parameters","TestNetworkPrefix","","","test_address_prefix[Test for Bittensor]",""
"passed","Tue Dec 19 00:02:07 GMT 2023","Tue Dec 19 00:02:07 GMT 2023","0","tests","test_nodes_availability","","","","test_can_create_connection[Test for Moonriver, url: wss://wss.api.moonriver.moonbeam.network]",""
"passed","Tue Dec 19 00:02:19 GMT 2023","Tue Dec 19 00:02:19 GMT 2023","0","tests","test_network_parameters","TestNetworkPrefix","","","test_address_prefix[Test for Parallel]",""
"passed","Tue Dec 19 00:15:34 GMT 2023","Tue Dec 19 00:15:35 GMT 2023","402","","io.novafoundation.nova.balances.BalancesIntegrationTest","","io.novafoundation.nova.balances.BalancesIntegrationTest","testBalancesLoading[Polkadot Collectives]","testBalancesLoading[Polkadot Collectives]",""
"passed","Tue Dec 19 00:14:07 GMT 2023","Tue Dec 19 00:14:07 GMT 2023","119","","io.novafoundation.nova.balances.BalancesIntegrationTest","","io.novafoundation.nova.balances.BalancesIntegrationTest","testFeeLoading[Encointer]","testFeeLoading[Encointer]",""
"passed","Tue Dec 19 00:01:59 GMT 2023","Tue Dec 19 00:02:00 GMT 2023","733","tests","test_check_new_assets","TestAssets","","","test_has_new_assets[Test for Kusama]",""
"passed","Tue Dec 19 00:02:12 GMT 2023","Tue Dec 19 00:02:12 GMT 2023","0","tests","test_network_parameters","TestPrecision","","","test_precision[Test for Interlay]",""
"passed","Tue Dec 19 00:03:44 GMT 2023","Tue Dec 19 00:03:45 GMT 2023","880","tests","test_check_new_assets","TestAssets","","","test_has_new_assets[Test for Joystream]",""
"passed","Tue Dec 19 00:03:36 GMT 2023","Tue Dec 19 00:03:37 GMT 2023","848","tests","test_check_new_assets","TestAssets","","","test_has_new_assets[Test for Jur]",""
"passed","Tue Dec 19 00:03:16 GMT 2023","Tue Dec 19 00:03:16 GMT 2023","0","tests","test_network_parameters","TestNetworkPrefix","","","test_address_prefix[Test for GIANT]",""
"passed","Tue Dec 19 00:02:19 GMT 2023","Tue Dec 19 00:02:20 GMT 2023","980","tests","test_check_new_assets","TestAssets","","","test_has_new_assets[Test for Astar]",""
"broken","Tue Dec 19 00:06:34 GMT 2023","Tue Dec 19 00:06:34 GMT 2023","0","tests","test_nodes_availability","","","","test_can_create_connection[Test for Westend, url: wss://westend.api.onfinality.io/public-ws]",""
"passed","Tue Dec 19 00:03:11 GMT 2023","Tue Dec 19 00:03:11 GMT 2023","1","tests","test_nodes_availability","","","","test_can_create_connection[Test for Astar, url: wss://astar.api.onfinality.io/public-ws]",""
"passed","Tue Dec 19 00:03:17 GMT 2023","Tue Dec 19 00:03:17 GMT 2023","0","tests","test_network_parameters","TestNetworkPrefix","","","test_address_prefix[Test for Polkadot Bridge Hub]",""
"passed","Tue Dec 19 00:02:38 GMT 2023","Tue Dec 19 00:02:38 GMT 2023","0","tests","test_network_parameters","TestNetworkPrefix","","","test_address_prefix[Test for Amplitude]",""
"passed","Tue Dec 19 00:13:15 GMT 2023","Tue Dec 19 00:13:15 GMT 2023","701","","io.novafoundation.nova.balances.BalancesIntegrationTest","","io.novafoundation.nova.balances.BalancesIntegrationTest","testFeeLoading[Westend]","testFeeLoading[Westend]",""
"passed","Tue Dec 19 00:15:12 GMT 2023","Tue Dec 19 00:15:13 GMT 2023","1119","","io.novafoundation.nova.balances.BalancesIntegrationTest","","io.novafoundation.nova.balances.BalancesIntegrationTest","testBalancesLoading[Ternoa]","testBalancesLoading[Ternoa]",""
"passed","Tue Dec 19 00:03:01 GMT 2023","Tue Dec 19 00:03:01 GMT 2023","0","tests","test_network_parameters","TestNetworkPrefix","","","test_address_prefix[Test for 3DPass]",""
"passed","Tue Dec 19 00:02:57 GMT 2023","Tue Dec 19 00:02:57 GMT 2023","0","tests","test_network_parameters","TestChainId","","","test_chainId[Test for Astar]",""
"passed","Tue Dec 19 00:02:40 GMT 2023","Tue Dec 19 00:02:40 GMT 2023","1","tests","test_network_parameters","TestChainId","","","test_chainId[Test for Litmus]",""
"passed","Tue Dec 19 00:02:04 GMT 2023","Tue Dec 19 00:02:04 GMT 2023","244","tests","test_check_new_assets","TestAssets","","","test_has_new_assets[Test for QUARTZ]",""
"passed","Tue Dec 19 00:01:57 GMT 2023","Tue Dec 19 00:01:57 GMT 2023","0","tests","test_network_parameters","TestPrecision","","","test_precision[Test for Moonbeam]",""
"passed","Tue Dec 19 00:02:55 GMT 2023","Tue Dec 19 00:02:55 GMT 2023","0","tests","test_nodes_availability","","","","test_can_create_connection[Test for Robonomics, url: wss://robonomics.0xsamsara.com]",""
"passed","Tue Dec 19 00:05:36 GMT 2023","Tue Dec 19 00:05:36 GMT 2023","0","tests","test_nodes_availability","","","","test_can_create_connection[Test for XX network, url: wss://rpc-do.xx.network]",""
"broken","Tue Dec 19 00:14:16 GMT 2023","Tue Dec 19 00:14:17 GMT 2023","504","","io.novafoundation.nova.balances.BalancesIntegrationTest","","io.novafoundation.nova.balances.BalancesIntegrationTest","testFeeLoading[Nodle Parachain]","testFeeLoading[Nodle Parachain]",""
"passed","Tue Dec 19 00:15:48 GMT 2023","Tue Dec 19 00:15:48 GMT 2023","507","","io.novafoundation.nova.balances.BalancesIntegrationTest","","io.novafoundation.nova.balances.BalancesIntegrationTest","testFeeLoading[Dock]","testFeeLoading[Dock]",""
"passed","Tue Dec 19 00:03:29 GMT 2023","Tue Dec 19 00:03:29 GMT 2023","0","tests","test_network_parameters","TestChainId","","","test_chainId[Test for Frequency]",""
"passed","Tue Dec 19 00:01:58 GMT 2023","Tue Dec 19 00:01:58 GMT 2023","0","tests","test_network_parameters","TestNetworkPrefix","","","test_address_prefix[Test for Moonriver]",""
"passed","Tue Dec 19 00:14:03 GMT 2023","Tue Dec 19 00:14:05 GMT 2023","1277","","io.novafoundation.nova.balances.BalancesIntegrationTest","","io.novafoundation.nova.balances.BalancesIntegrationTest","testBalancesLoading[Westmint]","testBalancesLoading[Westmint]",""
"passed","Tue Dec 19 00:02:48 GMT 2023","Tue Dec 19 00:02:48 GMT 2023","0","tests","test_network_parameters","TestNetworkPrefix","","","test_address_prefix[Test for Pendulum]",""
"passed","Tue Dec 19 00:02:08 GMT 2023","Tue Dec 19 00:02:08 GMT 2023","0","tests","test_network_parameters","TestNetworkPrefix","","","test_address_prefix[Test for Robonomics]",""
"passed","Tue Dec 19 00:03:10 GMT 2023","Tue Dec 19 00:03:10 GMT 2023","0","tests","test_network_parameters","TestChainId","","","test_chainId[Test for Pendulum]",""
"passed","Tue Dec 19 00:03:38 GMT 2023","Tue Dec 19 00:03:38 GMT 2023","0","tests","test_network_parameters","TestChainId","","","test_chainId[Test for Polkadot Collectives]",""
"passed","Tue Dec 19 00:03:43 GMT 2023","Tue Dec 19 00:03:43 GMT 2023","1","tests","test_nodes_availability","","","","test_can_create_connection[Test for HydraDX, url: wss://rpc.hydradx.cloud]",""
"passed","Tue Dec 19 00:05:48 GMT 2023","Tue Dec 19 00:05:48 GMT 2023","0","tests","test_nodes_availability","","","","test_can_create_connection[Test for Bittensor, url: wss://entrypoint-finney.opentensor.ai:443]",""
"passed","Tue Dec 19 00:02:05 GMT 2023","Tue Dec 19 00:02:05 GMT 2023","0","tests","test_nodes_availability","","","","test_can_create_connection[Test for Moonbeam, url: wss://1rpc.io/glmr]",""
"passed","Tue Dec 19 00:02:11 GMT 2023","Tue Dec 19 00:02:11 GMT 2023","0","tests","test_network_parameters","TestChainId","","","test_chainId[Test for Acala]",""
"passed","Tue Dec 19 00:01:51 GMT 2023","Tue Dec 19 00:01:51 GMT 2023","0","tests","test_network_parameters","TestNetworkPrefix","","","test_address_prefix[Test for Khala]",""
"passed","Tue Dec 19 00:02:21 GMT 2023","Tue Dec 19 00:02:21 GMT 2023","0","tests","test_nodes_availability","","","","test_can_create_connection[Test for Shiden, url: wss://shiden-rpc.dwellir.com]",""
"passed","Tue Dec 19 00:15:24 GMT 2023","Tue Dec 19 00:15:25 GMT 2023","869","","io.novafoundation.nova.balances.BalancesIntegrationTest","","io.novafoundation.nova.balances.BalancesIntegrationTest","testBalancesLoading[Crust]","testBalancesLoading[Crust]",""
"passed","Tue Dec 19 00:03:14 GMT 2023","Tue Dec 19 00:03:14 GMT 2023","0","tests","test_network_parameters","TestNetworkPrefix","","","test_address_prefix[Test for Vara]",""
"passed","Tue Dec 19 00:08:26 GMT 2023","Tue Dec 19 00:08:26 GMT 2023","0","tests","test_nodes_availability","","","","test_can_create_connection[Test for Joystream, url: wss://rpc.joystream.org]",""
"passed","Tue Dec 19 00:02:00 GMT 2023","Tue Dec 19 00:02:00 GMT 2023","302","tests","test_check_new_assets","TestAssets","","","test_has_new_assets[Test for Moonbeam]",""
"passed","Tue Dec 19 00:06:46 GMT 2023","Tue Dec 19 00:06:46 GMT 2023","0","tests","test_nodes_availability","","","","test_can_create_connection[Test for Darwinia, url: wss://parachain-rpc.darwinia.network]",""
"passed","Tue Dec 19 00:15:11 GMT 2023","Tue Dec 19 00:15:12 GMT 2023","894","","io.novafoundation.nova.balances.BalancesIntegrationTest","","io.novafoundation.nova.balances.BalancesIntegrationTest","testBalancesLoading[Amplitude]","testBalancesLoading[Amplitude]",""
"passed","Tue Dec 19 00:14:54 GMT 2023","Tue Dec 19 00:14:57 GMT 2023","2212","","io.novafoundation.nova.balances.BalancesIntegrationTest","","io.novafoundation.nova.balances.BalancesIntegrationTest","testBalancesLoading[Litentry]","testBalancesLoading[Litentry]",""
"passed","Tue Dec 19 00:02:15 GMT 2023","Tue Dec 19 00:02:15 GMT 2023","1","tests","test_network_parameters","TestNetworkPrefix","","","test_address_prefix[Test for Interlay]",""
"passed","Tue Dec 19 00:13:11 GMT 2023","Tue Dec 19 00:13:12 GMT 2023","265","","io.novafoundation.nova.balances.BalancesIntegrationTest","","io.novafoundation.nova.balances.BalancesIntegrationTest","testBalancesLoading[Kusama]","testBalancesLoading[Kusama]",""
"passed","Tue Dec 19 00:03:19 GMT 2023","Tue Dec 19 00:03:19 GMT 2023","0","tests","test_nodes_availability","","","","test_can_create_connection[Test for Parallel, url: wss://parallel-rpc.dwellir.com]",""
"passed","Tue Dec 19 00:04:38 GMT 2023","Tue Dec 19 00:04:38 GMT 2023","0","tests","test_nodes_availability","","","","test_can_create_connection[Test for UNIQUE, url: wss://eu-ws.unique.network/]",""
"passed","Tue Dec 19 00:03:08 GMT 2023","Tue Dec 19 00:03:08 GMT 2023","1","tests","test_network_parameters","TestChainId","","","test_chainId[Test for Polymesh]",""
"passed","Tue Dec 19 00:02:57 GMT 2023","Tue Dec 19 00:02:57 GMT 2023","0","tests","test_nodes_availability","","","","test_can_create_connection[Test for Acala, url: wss://acala-rpc.dwellir.com]",""
"passed","Tue Dec 19 00:07:00 GMT 2023","Tue Dec 19 00:07:00 GMT 2023","0","tests","test_nodes_availability","","","","test_can_create_connection[Test for Frequency, url: wss://1.rpc.frequency.xyz]",""
"passed","Tue Dec 19 00:09:38 GMT 2023","Tue Dec 19 00:09:38 GMT 2023","0","tests","test_nodes_availability","","","","test_can_create_connection[Test for 3DPass, url: wss://rpc2.3dpass.org]",""
"passed","Tue Dec 19 00:07:04 GMT 2023","Tue Dec 19 00:07:04 GMT 2023","0","tests","test_nodes_availability","","","","test_can_create_connection[Test for Polkadot Bridge Hub, url: wss://sys.ibp.network/bridgehub-polkadot]",""
"passed","Tue Dec 19 00:03:54 GMT 2023","Tue Dec 19 00:03:54 GMT 2023","0","tests","test_nodes_availability","","","","test_can_create_connection[Test for Aleph Zero, url: wss://ws.azero.dev]",""
"passed","Tue Dec 19 00:14:17 GMT 2023","Tue Dec 19 00:14:18 GMT 2023","1320","","io.novafoundation.nova.balances.BalancesIntegrationTest","","io.novafoundation.nova.balances.BalancesIntegrationTest","testBalancesLoading[Phala]","testBalancesLoading[Phala]",""
"passed","Tue Dec 19 00:15:40 GMT 2023","Tue Dec 19 00:15:41 GMT 2023","1234","","io.novafoundation.nova.balances.BalancesIntegrationTest","","io.novafoundation.nova.balances.BalancesIntegrationTest","testFeeLoading[Manta]","testFeeLoading[Manta]",""
"passed","Tue Dec 19 00:15:02 GMT 2023","Tue Dec 19 00:15:04 GMT 2023","1200","","io.novafoundation.nova.balances.BalancesIntegrationTest","","io.novafoundation.nova.balances.BalancesIntegrationTest","testBalancesLoading[Moonbase Relay Testnet]","testBalancesLoading[Moonbase Relay Testnet]",""
"passed","Tue Dec 19 00:03:47 GMT 2023","Tue Dec 19 00:03:47 GMT 2023","0","tests","test_network_parameters","TestPrecision","","","test_precision[Test for Enjin]",""
"passed","Tue Dec 19 00:01:56 GMT 2023","Tue Dec 19 00:01:56 GMT 2023","0","tests","test_nodes_availability","","","","test_can_create_connection[Test for Bifrost Kusama, url: wss://bifrost-rpc.liebi.com/ws]",""
"passed","Tue Dec 19 00:13:13 GMT 2023","Tue Dec 19 00:13:15 GMT 2023","1755","","io.novafoundation.nova.balances.BalancesIntegrationTest","","io.novafoundation.nova.balances.BalancesIntegrationTest","testBalancesLoading[Westend]","testBalancesLoading[Westend]",""
"passed","Tue Dec 19 00:13:15 GMT 2023","Tue Dec 19 00:13:16 GMT 2023","629","","io.novafoundation.nova.balances.BalancesIntegrationTest","","io.novafoundation.nova.balances.BalancesIntegrationTest","testBalancesLoading[Statemine]","testBalancesLoading[Statemine]",""
"passed","Tue Dec 19 00:02:45 GMT 2023","Tue Dec 19 00:02:45 GMT 2023","1","tests","test_network_parameters","TestNetworkPrefix","","","test_address_prefix[Test for XX network]",""
"passed","Tue Dec 19 00:15:26 GMT 2023","Tue Dec 19 00:15:27 GMT 2023","678","","io.novafoundation.nova.balances.BalancesIntegrationTest","","io.novafoundation.nova.balances.BalancesIntegrationTest","testBalancesLoading[Bittensor]","testBalancesLoading[Bittensor]",""
"passed","Tue Dec 19 00:03:25 GMT 2023","Tue Dec 19 00:03:25 GMT 2023","1","tests","test_nodes_availability","","","","test_can_create_connection[Test for Polkadot Asset Hub, url: wss://sys.ibp.network/statemint]",""
"passed","Tue Dec 19 00:03:33 GMT 2023","Tue Dec 19 00:03:34 GMT 2023","379","tests","test_check_new_assets","TestAssets","","","test_has_new_assets[Test for Polkadot Bridge Hub]",""
"passed","Tue Dec 19 00:14:15 GMT 2023","Tue Dec 19 00:14:16 GMT 2023","1168","","io.novafoundation.nova.balances.BalancesIntegrationTest","","io.novafoundation.nova.balances.BalancesIntegrationTest","testBalancesLoading[Nodle Parachain]","testBalancesLoading[Nodle Parachain]",""
"passed","Tue Dec 19 00:02:26 GMT 2023","Tue Dec 19 00:02:26 GMT 2023","0","tests","test_network_parameters","TestPrecision","","","test_precision[Test for Composable Finance]",""
"passed","Tue Dec 19 00:03:14 GMT 2023","Tue Dec 19 00:03:14 GMT 2023","0","tests","test_network_parameters","TestChainId","","","test_chainId[Test for Aventus]",""
"passed","Tue Dec 19 00:03:05 GMT 2023","Tue Dec 19 00:03:05 GMT 2023","0","tests","test_nodes_availability","","","","test_can_create_connection[Test for Kintsugi, url: wss://api-kusama.interlay.io/parachain]",""
"passed","Tue Dec 19 00:01:49 GMT 2023","Tue Dec 19 00:01:50 GMT 2023","384","tests","test_eth_nodes_availability","TestETHNodesAvailability","","","test_rpc_node_work_fast[Test for Ethereum, url: https://eth-pokt.nodies.app]",""
"passed","Tue Dec 19 00:02:18 GMT 2023","Tue Dec 19 00:02:19 GMT 2023","916","tests","test_check_new_assets","TestAssets","","","test_has_new_assets[Test for Interlay]",""
"passed","Tue Dec 19 00:02:24 GMT 2023","Tue Dec 19 00:02:24 GMT 2023","0","tests","test_network_parameters","TestNetworkPrefix","","","test_address_prefix[Test for Centrifuge Parachain]",""
"passed","Tue Dec 19 00:02:46 GMT 2023","Tue Dec 19 00:02:47 GMT 2023","674","tests","test_check_new_assets","TestAssets","","","test_has_new_assets[Test for Bajun]",""
"passed","Tue Dec 19 00:01:50 GMT 2023","Tue Dec 19 00:01:50 GMT 2023","755","tests","test_eth_nodes_availability","TestETHNodesAvailability","","","test_rpc_node_is_synced[Test for Ethereum, url: https://eth.llamarpc.com]",""
"passed","Tue Dec 19 00:02:14 GMT 2023","Tue Dec 19 00:02:14 GMT 2023","0","tests","test_network_parameters","TestChainId","","","test_chainId[Test for Nodle Parachain]",""
"passed","Tue Dec 19 00:02:00 GMT 2023","Tue Dec 19 00:02:00 GMT 2023","0","tests","test_network_parameters","TestNetworkPrefix","","","test_address_prefix[Test for Westend]",""
"passed","Tue Dec 19 00:15:44 GMT 2023","Tue Dec 19 00:15:44 GMT 2023","151","","io.novafoundation.nova.balances.BalancesIntegrationTest","","io.novafoundation.nova.balances.BalancesIntegrationTest","testFeeLoading[Watr]","testFeeLoading[Watr]",""
"passed","Tue Dec 19 00:13:53 GMT 2023","Tue Dec 19 00:13:54 GMT 2023","824","","io.novafoundation.nova.balances.BalancesIntegrationTest","","io.novafoundation.nova.balances.BalancesIntegrationTest","testFeeLoading[Picasso]","testFeeLoading[Picasso]",""
"passed","Tue Dec 19 00:02:25 GMT 2023","Tue Dec 19 00:02:25 GMT 2023","0","tests","test_network_parameters","TestPrecision","","","test_precision[Test for Parallel]",""
"passed","Tue Dec 19 00:02:07 GMT 2023","Tue Dec 19 00:02:07 GMT 2023","1","tests","test_network_parameters","TestChainId","","","test_chainId[Test for Parallel Heiko]",""
"passed","Tue Dec 19 00:14:57 GMT 2023","Tue Dec 19 00:14:58 GMT 2023","1216","","io.novafoundation.nova.balances.BalancesIntegrationTest","","io.novafoundation.nova.balances.BalancesIntegrationTest","testFeeLoading[Litentry]","testFeeLoading[Litentry]",""
"passed","Tue Dec 19 00:04:44 GMT 2023","Tue Dec 19 00:04:44 GMT 2023","0","tests","test_nodes_availability","","","","test_can_create_connection[Test for Kapex, url: wss://kapex-rpc.dwellir.com]",""
"passed","Tue Dec 19 00:02:33 GMT 2023","Tue Dec 19 00:02:33 GMT 2023","0","tests","test_network_parameters","TestPrecision","","","test_precision[Test for Polkadot Asset Hub]",""
"broken","Tue Dec 19 00:08:30 GMT 2023","Tue Dec 19 00:08:30 GMT 2023","0","tests","test_nodes_availability","","","","test_can_create_connection[Test for Ajuna, url: wss://ajuna.public.curie.radiumblock.co/ws]",""
"passed","Tue Dec 19 00:02:04 GMT 2023","Tue Dec 19 00:02:04 GMT 2023","1","tests","test_network_parameters","TestPrecision","","","test_precision[Test for Shiden]",""
"passed","Tue Dec 19 00:04:16 GMT 2023","Tue Dec 19 00:04:16 GMT 2023","0","tests","test_nodes_availability","","","","test_can_create_connection[Test for OriginTrail Parachain, url: wss://parachain-rpc.origin-trail.network]",""
"passed","Tue Dec 19 00:03:00 GMT 2023","Tue Dec 19 00:03:00 GMT 2023","0","tests","test_nodes_availability","","","","test_can_create_connection[Test for Astar, url: wss://rpc.astar.network]",""
"passed","Tue Dec 19 00:02:25 GMT 2023","Tue Dec 19 00:02:26 GMT 2023","855","tests","test_check_new_assets","TestAssets","","","test_has_new_assets[Test for Picasso]",""
"passed","Tue Dec 19 00:05:23 GMT 2023","Tue Dec 19 00:05:23 GMT 2023","0","tests","test_nodes_availability","","","","test_can_create_connection[Test for XX network, url: wss://xxnetwork-rpc.dwellir.com]",""
"passed","Tue Dec 19 00:15:09 GMT 2023","Tue Dec 19 00:15:11 GMT 2023","1015","","io.novafoundation.nova.balances.BalancesIntegrationTest","","io.novafoundation.nova.balances.BalancesIntegrationTest","testBalancesLoading[Statemint]","testBalancesLoading[Statemint]",""
"passed","Tue Dec 19 00:03:26 GMT 2023","Tue Dec 19 00:03:26 GMT 2023","315","tests","test_check_new_assets","TestAssets","","","test_has_new_assets[Test for Frequency]",""
"passed","Tue Dec 19 00:03:21 GMT 2023","Tue Dec 19 00:03:21 GMT 2023","0","tests","test_network_parameters","TestNetworkPrefix","","","test_address_prefix[Test for krest]",""
"passed","Tue Dec 19 00:13:42 GMT 2023","Tue Dec 19 00:13:43 GMT 2023","1147","","io.novafoundation.nova.balances.BalancesIntegrationTest","","io.novafoundation.nova.balances.BalancesIntegrationTest","testFeeLoading[Bit. Country]","testFeeLoading[Bit. Country]",""
"passed","Tue Dec 19 00:14:20 GMT 2023","Tue Dec 19 00:14:21 GMT 2023","1110","","io.novafoundation.nova.balances.BalancesIntegrationTest","","io.novafoundation.nova.balances.BalancesIntegrationTest","testBalancesLoading[Integritee Parachain]","testBalancesLoading[Integritee Parachain]",""
"passed","Tue Dec 19 00:15:29 GMT 2023","Tue Dec 19 00:15:30 GMT 2023","714","","io.novafoundation.nova.balances.BalancesIntegrationTest","","io.novafoundation.nova.balances.BalancesIntegrationTest","testBalancesLoading[Ajuna]","testBalancesLoading[Ajuna]",""
"passed","Tue Dec 19 00:03:22 GMT 2023","Tue Dec 19 00:03:22 GMT 2023","0","tests","test_network_parameters","TestPrecision","","","test_precision[Test for DAO IPCI]",""
"passed","Tue Dec 19 00:15:34 GMT 2023","Tue Dec 19 00:15:34 GMT 2023","101","","io.novafoundation.nova.balances.BalancesIntegrationTest","","io.novafoundation.nova.balances.BalancesIntegrationTest","testFeeLoading[Kusama Bridge Hub]","testFeeLoading[Kusama Bridge Hub]",""
"passed","Tue Dec 19 00:03:49 GMT 2023","Tue Dec 19 00:03:49 GMT 2023","1","tests","test_network_parameters","TestPrecision","","","test_precision[Test for Polkadex]",""
"passed","Tue Dec 19 00:02:50 GMT 2023","Tue Dec 19 00:02:50 GMT 2023","0","tests","test_network_parameters","TestNetworkPrefix","","","test_address_prefix[Test for Crust]",""
"passed","Tue Dec 19 00:15:43 GMT 2023","Tue Dec 19 00:15:44 GMT 2023","468","","io.novafoundation.nova.balances.BalancesIntegrationTest","","io.novafoundation.nova.balances.BalancesIntegrationTest","testBalancesLoading[Watr]","testBalancesLoading[Watr]",""
"passed","Tue Dec 19 00:02:09 GMT 2023","Tue Dec 19 00:02:09 GMT 2023","1","tests","test_network_parameters","TestChainId","","","test_chainId[Test for Crust Shadow]",""
"passed","Tue Dec 19 00:15:30 GMT 2023","Tue Dec 19 00:15:31 GMT 2023","1114","","io.novafoundation.nova.balances.BalancesIntegrationTest","","io.novafoundation.nova.balances.BalancesIntegrationTest","testFeeLoading[Ajuna]","testFeeLoading[Ajuna]",""
"passed","Tue Dec 19 00:04:47 GMT 2023","Tue Dec 19 00:04:47 GMT 2023","0","tests","test_nodes_availability","","","","test_can_create_connection[Test for Polymesh, url: wss://mainnet-rpc.polymesh.network]",""
"passed","Tue Dec 19 00:03:15 GMT 2023","Tue Dec 19 00:03:15 GMT 2023","0","tests","test_nodes_availability","","","","test_can_create_connection[Test for Parallel, url: wss://rpc.parallel.fi]",""
"passed","Tue Dec 19 00:02:07 GMT 2023","Tue Dec 19 00:02:09 GMT 2023","1429","tests","test_check_new_assets","TestAssets","","","test_has_new_assets[Test for Shiden]",""
"passed","Tue Dec 19 00:15:18 GMT 2023","Tue Dec 19 00:15:19 GMT 2023","978","","io.novafoundation.nova.balances.BalancesIntegrationTest","","io.novafoundation.nova.balances.BalancesIntegrationTest","testBalancesLoading[DAO IPCI]","testBalancesLoading[DAO IPCI]",""
"passed","Tue Dec 19 00:02:26 GMT 2023","Tue Dec 19 00:02:26 GMT 2023","0","tests","test_network_parameters","TestNetworkPrefix","","","test_address_prefix[Test for CLV Parachain]",""
"passed","Tue Dec 19 00:02:54 GMT 2023","Tue Dec 19 00:02:54 GMT 2023","0","tests","test_nodes_availability","","","","test_can_create_connection[Test for Acala, url: wss://acala.polkawallet.io]",""
"passed","Tue Dec 19 00:02:13 GMT 2023","Tue Dec 19 00:02:13 GMT 2023","0","tests","test_network_parameters","TestNetworkPrefix","","","test_address_prefix[Test for Kintsugi]",""
"passed","Tue Dec 19 00:02:02 GMT 2023","Tue Dec 19 00:02:02 GMT 2023","0","tests","test_network_parameters","TestChainId","","","test_chainId[Test for QUARTZ]",""
"passed","Tue Dec 19 00:02:12 GMT 2023","Tue Dec 19 00:02:12 GMT 2023","0","tests","test_nodes_availability","","","","test_can_create_connection[Test for Basilisk, url: wss://basilisk-rpc.dwellir.com]",""
"passed","Tue Dec 19 00:03:18 GMT 2023","Tue Dec 19 00:03:18 GMT 2023","0","tests","test_network_parameters","TestNetworkPrefix","","","test_address_prefix[Test for Polkadot Collectives]",""
"passed","Tue Dec 19 00:02:37 GMT 2023","Tue Dec 19 00:02:37 GMT 2023","1","tests","test_network_parameters","TestNetworkPrefix","","","test_address_prefix[Test for Litentry]",""
"passed","Tue Dec 19 00:03:02 GMT 2023","Tue Dec 19 00:03:02 GMT 2023","0","tests","test_network_parameters","TestChainId","","","test_chainId[Test for UNIQUE]",""
"passed","Tue Dec 19 00:03:01 GMT 2023","Tue Dec 19 00:03:01 GMT 2023","0","tests","test_network_parameters","TestChainId","","","test_chainId[Test for Parallel]",""
"passed","Tue Dec 19 00:02:57 GMT 2023","Tue Dec 19 00:02:57 GMT 2023","0","tests","test_network_parameters","TestPrecision","","","test_precision[Test for Aventus]",""
"passed","Tue Dec 19 00:13:28 GMT 2023","Tue Dec 19 00:13:29 GMT 2023","1637","","io.novafoundation.nova.balances.BalancesIntegrationTest","","io.novafoundation.nova.balances.BalancesIntegrationTest","testBalancesLoading[KILT Spiritnet]","testBalancesLoading[KILT Spiritnet]",""
"passed","Tue Dec 19 00:03:32 GMT 2023","Tue Dec 19 00:03:32 GMT 2023","0","tests","test_network_parameters","TestChainId","","","test_chainId[Test for Vara]",""
"passed","Tue Dec 19 00:03:41 GMT 2023","Tue Dec 19 00:03:41 GMT 2023","0","tests","test_network_parameters","TestPrecision","","","test_precision[Test for Jur]",""
"passed","Tue Dec 19 00:01:55 GMT 2023","Tue Dec 19 00:01:55 GMT 2023","0","tests","test_nodes_availability","","","","test_can_create_connection[Test for Polkadot, url: wss://rpc-polkadot.luckyfriday.io]",""
"passed","Tue Dec 19 00:03:24 GMT 2023","Tue Dec 19 00:03:24 GMT 2023","0","tests","test_network_parameters","TestNetworkPrefix","","","test_address_prefix[Test for Watr]",""
"passed","Tue Dec 19 00:01:54 GMT 2023","Tue Dec 19 00:01:54 GMT 2023","0","tests","test_network_parameters","TestNetworkPrefix","","","test_address_prefix[Test for KILT]",""
"passed","Tue Dec 19 00:03:31 GMT 2023","Tue Dec 19 00:03:32 GMT 2023","1160","tests","test_check_new_assets","TestAssets","","","test_has_new_assets[Test for Equilibrium]",""
"passed","Tue Dec 19 00:03:41 GMT 2023","Tue Dec 19 00:03:41 GMT 2023","376","tests","test_check_new_assets","TestAssets","","","test_has_new_assets[Test for Watr]",""
"passed","Tue Dec 19 00:02:18 GMT 2023","Tue Dec 19 00:02:18 GMT 2023","0","tests","test_network_parameters","TestNetworkPrefix","","","test_address_prefix[Test for Nodle Parachain]",""
"passed","Tue Dec 19 00:14:53 GMT 2023","Tue Dec 19 00:14:54 GMT 2023","1153","","io.novafoundation.nova.balances.BalancesIntegrationTest","","io.novafoundation.nova.balances.BalancesIntegrationTest","testFeeLoading[Bifrost Polkadot]","testFeeLoading[Bifrost Polkadot]",""
"passed","Tue Dec 19 00:01:57 GMT 2023","Tue Dec 19 00:01:57 GMT 2023","1","tests","test_nodes_availability","","","","test_can_create_connection[Test for Polkadot, url: wss://rpc.ibp.network/polkadot]",""
"passed","Tue Dec 19 00:13:25 GMT 2023","Tue Dec 19 00:13:26 GMT 2023","201","","io.novafoundation.nova.balances.BalancesIntegrationTest","","io.novafoundation.nova.balances.BalancesIntegrationTest","testFeeLoading[Edgeware]","testFeeLoading[Edgeware]",""
"passed","Tue Dec 19 00:02:45 GMT 2023","Tue Dec 19 00:02:45 GMT 2023","0","tests","test_network_parameters","TestNetworkPrefix","","","test_address_prefix[Test for Polymesh]",""
"passed","Tue Dec 19 00:02:17 GMT 2023","Tue Dec 19 00:02:17 GMT 2023","0","tests","test_nodes_availability","","","","test_can_create_connection[Test for Shiden, url: wss://rpc.shiden.astar.network]",""
"passed","Tue Dec 19 00:03:17 GMT 2023","Tue Dec 19 00:03:17 GMT 2023","1","tests","test_nodes_availability","","","","test_can_create_connection[Test for Zeitgeist, url: wss://zeitgeist-rpc.dwellir.com]",""
"passed","Tue Dec 19 00:03:05 GMT 2023","Tue Dec 19 00:03:05 GMT 2023","0","tests","test_nodes_availability","","","","test_can_create_connection[Test for Acala, url: wss://acala-rpc-2.aca-api.network/ws]",""
"broken","Tue Dec 19 00:04:23 GMT 2023","Tue Dec 19 00:04:23 GMT 2023","0","tests","test_nodes_availability","","","","test_can_create_connection[Test for Kusama, url: wss://kusama.public.curie.radiumblock.co/ws]",""
"passed","Tue Dec 19 00:02:35 GMT 2023","Tue Dec 19 00:02:35 GMT 2023","319","tests","test_check_new_assets","TestAssets","","","test_has_new_assets[Test for Polkadot Asset Hub]",""
"passed","Tue Dec 19 00:02:35 GMT 2023","Tue Dec 19 00:02:35 GMT 2023","1","tests","test_network_parameters","TestNetworkPrefix","","","test_address_prefix[Test for Composable Finance]",""
"passed","Tue Dec 19 00:03:24 GMT 2023","Tue Dec 19 00:03:24 GMT 2023","0","tests","test_network_parameters","TestPrecision","","","test_precision[Test for Myriad]",""
"passed","Tue Dec 19 00:12:42 GMT 2023","Tue Dec 19 00:13:07 GMT 2023","24917","","io.novafoundation.nova.balances.BalancesIntegrationTest","","io.novafoundation.nova.balances.BalancesIntegrationTest","testBalancesLoading[Shiden]","testBalancesLoading[Shiden]",""
"passed","Tue Dec 19 00:02:48 GMT 2023","Tue Dec 19 00:02:48 GMT 2023","0","tests","test_nodes_availability","","","","test_can_create_connection[Test for QUARTZ, url: wss://asia-ws-quartz.unique.network]",""
"passed","Tue Dec 19 00:15:07 GMT 2023","Tue Dec 19 00:15:07 GMT 2023","515","","io.novafoundation.nova.balances.BalancesIntegrationTest","","io.novafoundation.nova.balances.BalancesIntegrationTest","testFeeLoading[Bajun]","testFeeLoading[Bajun]",""
"passed","Tue Dec 19 00:03:28 GMT 2023","Tue Dec 19 00:03:28 GMT 2023","0","tests","test_nodes_availability","","","","test_can_create_connection[Test for Subsocial, url: wss://para.f3joule.space]",""
"passed","Tue Dec 19 00:07:08 GMT 2023","Tue Dec 19 00:07:08 GMT 2023","1","tests","test_nodes_availability","","","","test_can_create_connection[Test for Polkadot Bridge Hub, url: wss://dot-rpc.stakeworld.io/bridgehub]",""
"passed","Tue Dec 19 00:03:20 GMT 2023","Tue Dec 19 00:03:20 GMT 2023","0","tests","test_network_parameters","TestNetworkPrefix","","","test_address_prefix[Test for Jur]",""
"passed","Tue Dec 19 00:02:55 GMT 2023","Tue Dec 19 00:02:55 GMT 2023","461","tests","test_check_new_assets","TestAssets","","","test_has_new_assets[Test for Polymesh]",""
"passed","Tue Dec 19 00:15:02 GMT 2023","Tue Dec 19 00:15:02 GMT 2023","450","","io.novafoundation.nova.balances.BalancesIntegrationTest","","io.novafoundation.nova.balances.BalancesIntegrationTest","testBalancesLoading[Aleph Zero Testnet]","testBalancesLoading[Aleph Zero Testnet]",""
"passed","Tue Dec 19 00:05:38 GMT 2023","Tue Dec 19 00:05:38 GMT 2023","0","tests","test_nodes_availability","","","","test_can_create_connection[Test for Pendulum, url: wss://rpc-pendulum.prd.pendulumchain.tech]",""
"passed","Tue Dec 19 00:02:05 GMT 2023","Tue Dec 19 00:02:05 GMT 2023","0","tests","test_network_parameters","TestChainId","","","test_chainId[Test for Robonomics]",""
"passed","Tue Dec 19 00:02:30 GMT 2023","Tue Dec 19 00:02:30 GMT 2023","308","tests","test_check_new_assets","TestAssets","","","test_has_new_assets[Test for Turing]",""
"passed","Tue Dec 19 00:03:42 GMT 2023","Tue Dec 19 00:03:42 GMT 2023","0","tests","test_network_parameters","TestChainId","","","test_chainId[Test for Jur]",""
"passed","Tue Dec 19 00:03:09 GMT 2023","Tue Dec 19 00:03:09 GMT 2023","0","tests","test_nodes_availability","","","","test_can_create_connection[Test for Picasso, url: wss://picasso-rpc.composable.finance]",""
"passed","Tue Dec 19 00:02:26 GMT 2023","Tue Dec 19 00:02:26 GMT 2023","0","tests","test_network_parameters","TestChainId","","","test_chainId[Test for HydraDX]",""
"passed","Tue Dec 19 00:02:02 GMT 2023","Tue Dec 19 00:02:02 GMT 2023","1","tests","test_network_parameters","TestNetworkPrefix","","","test_address_prefix[Test for Basilisk]",""
"passed","Tue Dec 19 00:13:50 GMT 2023","Tue Dec 19 00:13:50 GMT 2023","524","","io.novafoundation.nova.balances.BalancesIntegrationTest","","io.novafoundation.nova.balances.BalancesIntegrationTest","testFeeLoading[Parallel]","testFeeLoading[Parallel]",""
"passed","Tue Dec 19 00:03:20 GMT 2023","Tue Dec 19 00:03:20 GMT 2023","1","tests","test_network_parameters","TestChainId","","","test_chainId[Test for Equilibrium]",""
"passed","Tue Dec 19 00:14:22 GMT 2023","Tue Dec 19 00:14:23 GMT 2023","1237","","io.novafoundation.nova.balances.BalancesIntegrationTest","","io.novafoundation.nova.balances.BalancesIntegrationTest","testBalancesLoading[Composable Finance]","testBalancesLoading[Composable Finance]",""
"passed","Tue Dec 19 00:02:30 GMT 2023","Tue Dec 19 00:02:30 GMT 2023","0","tests","test_network_parameters","TestNetworkPrefix","","","test_address_prefix[Test for Imbue]",""
"passed","Tue Dec 19 00:01:51 GMT 2023","Tue Dec 19 00:01:51 GMT 2023","844","tests","test_eth_nodes_availability","TestETHNodesAvailability","","","test_rpc_node_is_synced[Test for Ethereum, url: https://api.securerpc.com/v1]",""
"passed","Tue Dec 19 00:02:50 GMT 2023","Tue Dec 19 00:02:50 GMT 2023","0","tests","test_nodes_availability","","","","test_can_create_connection[Test for Kusama, url: wss://1rpc.io/ksm]",""
"passed","Tue Dec 19 00:05:58 GMT 2023","Tue Dec 19 00:05:58 GMT 2023","0","tests","test_nodes_availability","","","","test_can_create_connection[Test for Westend, url: wss://westend-rpc.dwellir.com]",""
"passed","Tue Dec 19 00:13:33 GMT 2023","Tue Dec 19 00:13:35 GMT 2023","1496","","io.novafoundation.nova.balances.BalancesIntegrationTest","","io.novafoundation.nova.balances.BalancesIntegrationTest","testBalancesLoading[Acala]","testBalancesLoading[Acala]",""
"passed","Tue Dec 19 00:04:26 GMT 2023","Tue Dec 19 00:04:26 GMT 2023","0","tests","test_network_parameters","TestPrecision","","","test_precision[Test for Darwinia]",""
"passed","Tue Dec 19 00:15:13 GMT 2023","Tue Dec 19 00:15:15 GMT 2023","1232","","io.novafoundation.nova.balances.BalancesIntegrationTest","","io.novafoundation.nova.balances.BalancesIntegrationTest","testBalancesLoading[Kapex]","testBalancesLoading[Kapex]",""
"passed","Tue Dec 19 00:02:31 GMT 2023","Tue Dec 19 00:02:32 GMT 2023","1478","tests","test_check_new_assets","TestAssets","","","test_has_new_assets[Test for CLV Parachain]",""
"passed","Tue Dec 19 00:02:31 GMT 2023","Tue Dec 19 00:02:31 GMT 2023","1","tests","test_network_parameters","TestNetworkPrefix","","","test_address_prefix[Test for Bifrost Polkadot]",""
"passed","Tue Dec 19 00:08:13 GMT 2023","Tue Dec 19 00:08:13 GMT 2023","0","tests","test_nodes_availability","","","","test_can_create_connection[Test for Polkadex, url: wss://polkadex.api.onfinality.io/public-ws]",""
"passed","Tue Dec 19 00:02:05 GMT 2023","Tue Dec 19 00:02:05 GMT 2023","1","tests","test_network_parameters","TestChainId","","","test_chainId[Test for Subsocial]",""
"passed","Tue Dec 19 00:06:36 GMT 2023","Tue Dec 19 00:06:36 GMT 2023","0","tests","test_nodes_availability","","","","test_can_create_connection[Test for Kusama Asset Hub, url: wss://sys.ibp.network/statemine]",""
"passed","Tue Dec 19 00:02:35 GMT 2023","Tue Dec 19 00:02:35 GMT 2023","0","tests","test_network_parameters","TestChainId","","","test_chainId[Test for Zeitgeist]",""
"passed","Tue Dec 19 00:02:13 GMT 2023","Tue Dec 19 00:02:13 GMT 2023","0","tests","test_network_parameters","TestPrecision","","","test_precision[Test for Acala]",""
"passed","Tue Dec 19 00:02:18 GMT 2023","Tue Dec 19 00:02:18 GMT 2023","1","tests","test_network_parameters","TestNetworkPrefix","","","test_address_prefix[Test for Picasso]",""
"passed","Tue Dec 19 00:02:04 GMT 2023","Tue Dec 19 00:02:05 GMT 2023","707","tests","test_check_new_assets","TestAssets","","","test_has_new_assets[Test for Westend]",""
"passed","Tue Dec 19 00:05:28 GMT 2023","Tue Dec 19 00:05:28 GMT 2023","0","tests","test_nodes_availability","","","","test_can_create_connection[Test for XX network, url: wss://rpc.xx.network]",""
"passed","Tue Dec 19 00:01:50 GMT 2023","Tue Dec 19 00:01:52 GMT 2023","1322","tests","test_eth_nodes_availability","TestETHNodesAvailability","","","test_rpc_node_is_synced[Test for Ethereum, url: https://eth-mainnet.public.blastapi.io]",""
"passed","Tue Dec 19 00:03:28 GMT 2023","Tue Dec 19 00:03:28 GMT 2023","0","tests","test_network_parameters","TestPrecision","","","test_precision[Test for Vara]",""
"passed","Tue Dec 19 00:15:07 GMT 2023","Tue Dec 19 00:15:09 GMT 2023","1235","","io.novafoundation.nova.balances.BalancesIntegrationTest","","io.novafoundation.nova.balances.BalancesIntegrationTest","testBalancesLoading[Tinkernet]","testBalancesLoading[Tinkernet]",""
"passed","Tue Dec 19 00:02:44 GMT 2023","Tue Dec 19 00:02:45 GMT 2023","994","tests","test_check_new_assets","TestAssets","","","test_has_new_assets[Test for Tinkernet]",""
"passed","Tue Dec 19 00:14:09 GMT 2023","Tue Dec 19 00:14:12 GMT 2023","2248","","io.novafoundation.nova.balances.BalancesIntegrationTest","","io.novafoundation.nova.balances.BalancesIntegrationTest","testBalancesLoading[Crust Shadow]","testBalancesLoading[Crust Shadow]",""
"passed","Tue Dec 19 00:02:26 GMT 2023","Tue Dec 19 00:02:26 GMT 2023","0","tests","test_network_parameters","TestChainId","","","test_chainId[Test for Composable Finance]",""
"passed","Tue Dec 19 00:13:07 GMT 2023","Tue Dec 19 00:13:10 GMT 2023","3195","","io.novafoundation.nova.balances.BalancesIntegrationTest","","io.novafoundation.nova.balances.BalancesIntegrationTest","testFeeLoading[Shiden]","testFeeLoading[Shiden]",""
"passed","Tue Dec 19 00:15:43 GMT 2023","Tue Dec 19 00:15:43 GMT 2023","358","","io.novafoundation.nova.balances.BalancesIntegrationTest","","io.novafoundation.nova.balances.BalancesIntegrationTest","testBalancesLoading[Polkadot Bridge Hub]","testBalancesLoading[Polkadot Bridge Hub]",""
"passed","Tue Dec 19 00:02:11 GMT 2023","Tue Dec 19 00:02:11 GMT 2023","1","tests","test_network_parameters","TestNetworkPrefix","","","test_address_prefix[Test for Parallel Heiko]",""
"passed","Tue Dec 19 00:02:25 GMT 2023","Tue Dec 19 00:02:26 GMT 2023","847","tests","test_check_new_assets","TestAssets","","","test_has_new_assets[Test for Parallel]",""
"passed","Tue Dec 19 00:10:51 GMT 2023","Tue Dec 19 00:10:51 GMT 2023","0","tests","test_nodes_availability","","","","test_can_create_connection[Test for Polkadot Collectives, url: wss://dot-rpc.stakeworld.io/collectives]",""
"passed","Tue Dec 19 00:02:50 GMT 2023","Tue Dec 19 00:02:50 GMT 2023","0","tests","test_network_parameters","TestChainId","","","test_chainId[Test for Bajun]",""
"passed","Tue Dec 19 00:14:30 GMT 2023","Tue Dec 19 00:14:31 GMT 2023","1244","","io.novafoundation.nova.balances.BalancesIntegrationTest","","io.novafoundation.nova.balances.BalancesIntegrationTest","testFeeLoading[Altair]","testFeeLoading[Altair]",""
"passed","Tue Dec 19 00:01:52 GMT 2023","Tue Dec 19 00:01:53 GMT 2023","858","tests","test_eth_nodes_availability","TestETHNodesAvailability","","","test_rpc_node_is_synced[Test for Ethereum, url: https://1rpc.io/eth]",""
"passed","Tue Dec 19 00:03:11 GMT 2023","Tue Dec 19 00:03:11 GMT 2023","0","tests","test_network_parameters","TestNetworkPrefix","","","test_address_prefix[Test for Frequency]",""
"passed","Tue Dec 19 00:03:30 GMT 2023","Tue Dec 19 00:03:30 GMT 2023","294","tests","test_check_new_assets","TestAssets","","","test_has_new_assets[Test for Kusama Bridge Hub]",""
"passed","Tue Dec 19 00:02:23 GMT 2023","Tue Dec 19 00:02:23 GMT 2023","0","tests","test_network_parameters","TestChainId","","","test_chainId[Test for Centrifuge Parachain]",""
"passed","Tue Dec 19 00:01:52 GMT 2023","Tue Dec 19 00:01:52 GMT 2023","0","tests","test_network_parameters","TestNetworkPrefix","","","test_address_prefix[Test for Polkadot]",""
"passed","Tue Dec 19 00:02:21 GMT 2023","Tue Dec 19 00:02:21 GMT 2023","0","tests","test_nodes_availability","","","","test_can_create_connection[Test for Parallel Heiko, url: wss://heiko-rpc.parallel.fi]",""
"passed","Tue Dec 19 00:03:16 GMT 2023","Tue Dec 19 00:03:16 GMT 2023","0","tests","test_network_parameters","TestChainId","","","test_chainId[Test for Hashed Network]",""
"passed","Tue Dec 19 00:02:19 GMT 2023","Tue Dec 19 00:02:19 GMT 2023","0","tests","test_network_parameters","TestChainId","","","test_chainId[Test for Integritee Parachain]",""
"passed","Tue Dec 19 00:01:52 GMT 2023","Tue Dec 19 00:01:52 GMT 2023","1","tests","test_network_parameters","TestChainId","","","test_chainId[Test for Polkadot]",""
"passed","Tue Dec 19 00:04:40 GMT 2023","Tue Dec 19 00:04:40 GMT 2023","0","tests","test_nodes_availability","","","","test_can_create_connection[Test for UNIQUE, url: wss://us-ws.unique.network/]",""
"passed","Tue Dec 19 00:02:14 GMT 2023","Tue Dec 19 00:02:14 GMT 2023","0","tests","test_nodes_availability","","","","test_can_create_connection[Test for Moonriver, url: wss://moonriver-rpc.dwellir.com]",""
"passed","Tue Dec 19 00:15:32 GMT 2023","Tue Dec 19 00:15:33 GMT 2023","814","","io.novafoundation.nova.balances.BalancesIntegrationTest","","io.novafoundation.nova.balances.BalancesIntegrationTest","testBalancesLoading[Vara]","testBalancesLoading[Vara]",""
"passed","Tue Dec 19 00:03:57 GMT 2023","Tue Dec 19 00:03:57 GMT 2023","0","tests","test_network_parameters","TestNetworkPrefix","","","test_address_prefix[Test for Polkadex]",""
"passed","Tue Dec 19 00:07:09 GMT 2023","Tue Dec 19 00:07:09 GMT 2023","0","tests","test_nodes_availability","","","","test_can_create_connection[Test for Kusama Bridge Hub, url: wss://sys.ibp.network/bridgehub-kusama]",""
"passed","Tue Dec 19 00:02:47 GMT 2023","Tue Dec 19 00:02:47 GMT 2023","0","tests","test_network_parameters","TestPrecision","","","test_precision[Test for Kapex]",""
"passed","Tue Dec 19 00:01:49 GMT 2023","Tue Dec 19 00:01:49 GMT 2023","345","tests","test_eth_nodes_availability","TestETHNodesAvailability","","","test_rpc_node_work_fast[Test for Ethereum, url: https://eth.llamarpc.com]",""
"passed","Tue Dec 19 00:04:34 GMT 2023","Tue Dec 19 00:04:34 GMT 2023","0","tests","test_network_parameters","TestPrecision","","","test_precision[Test for Crab]",""
"passed","Tue Dec 19 00:02:55 GMT 2023","Tue Dec 19 00:02:55 GMT 2023","0","tests","test_network_parameters","TestNetworkPrefix","","","test_address_prefix[Test for Equilibrium]",""
"passed","Tue Dec 19 00:02:00 GMT 2023","Tue Dec 19 00:02:00 GMT 2023","0","tests","test_nodes_availability","","","","test_can_create_connection[Test for Moonbeam, url: wss://moonbeam.public.blastapi.io]",""
"passed","Tue Dec 19 00:15:33 GMT 2023","Tue Dec 19 00:15:33 GMT 2023","415","","io.novafoundation.nova.balances.BalancesIntegrationTest","","io.novafoundation.nova.balances.BalancesIntegrationTest","testFeeLoading[Vara]","testFeeLoading[Vara]",""
"passed","Tue Dec 19 00:07:12 GMT 2023","Tue Dec 19 00:07:12 GMT 2023","0","tests","test_nodes_availability","","","","test_can_create_connection[Test for Kusama Bridge Hub, url: wss://ksm-rpc.stakeworld.io/bridgehub]",""
"passed","Tue Dec 19 00:01:50 GMT 2023","Tue Dec 19 00:01:51 GMT 2023","668","tests","test_eth_nodes_availability","TestETHNodesAvailability","","","test_rpc_node_is_synced[Test for Ethereum, url: https://rpc.flashbots.net]",""
"passed","Tue Dec 19 00:02:42 GMT 2023","Tue Dec 19 00:02:42 GMT 2023","0","tests","test_network_parameters","TestPrecision","","","test_precision[Test for Imbue]",""
"passed","Tue Dec 19 00:03:27 GMT 2023","Tue Dec 19 00:03:27 GMT 2023","1","tests","test_network_parameters","TestChainId","","","test_chainId[Test for Darwinia]",""
"passed","Tue Dec 19 00:14:25 GMT 2023","Tue Dec 19 00:14:26 GMT 2023","1357","","io.novafoundation.nova.balances.BalancesIntegrationTest","","io.novafoundation.nova.balances.BalancesIntegrationTest","testFeeLoading[Polkadex Solochain]","testFeeLoading[Polkadex Solochain]",""
"passed","Tue Dec 19 00:02:39 GMT 2023","Tue Dec 19 00:02:40 GMT 2023","648","tests","test_check_new_assets","TestAssets","","","test_has_new_assets[Test for Mangata X]",""
"passed","Tue Dec 19 00:02:39 GMT 2023","Tue Dec 19 00:02:39 GMT 2023","0","tests","test_network_parameters","TestPrecision","","","test_precision[Test for Litmus]",""
"passed","Tue Dec 19 00:15:15 GMT 2023","Tue Dec 19 00:15:17 GMT 2023","1876","","io.novafoundation.nova.balances.BalancesIntegrationTest","","io.novafoundation.nova.balances.BalancesIntegrationTest","testBalancesLoading[Polymesh Mainnet]","testBalancesLoading[Polymesh Mainnet]",""
"broken","Tue Dec 19 00:05:11 GMT 2023","Tue Dec 19 00:05:11 GMT 2023","0","tests","test_check_new_assets","TestAssets","","","test_has_new_assets[Test for Polkadex]",""
"passed","Tue Dec 19 00:03:19 GMT 2023","Tue Dec 19 00:03:19 GMT 2023","0","tests","test_nodes_availability","","","","test_can_create_connection[Test for Zeitgeist, url: wss://zeitgeist.api.onfinality.io/public-ws]",""
"passed","Tue Dec 19 00:02:20 GMT 2023","Tue Dec 19 00:02:20 GMT 2023","0","tests","test_network_parameters","TestPrecision","","","test_precision[Test for Astar]",""
"passed","Tue Dec 19 00:14:23 GMT 2023","Tue Dec 19 00:14:23 GMT 2023","506","","io.novafoundation.nova.balances.BalancesIntegrationTest","","io.novafoundation.nova.balances.BalancesIntegrationTest","testFeeLoading[Composable Finance]","testFeeLoading[Composable Finance]",""
"passed","Tue Dec 19 00:03:28 GMT 2023","Tue Dec 19 00:03:28 GMT 2023","0","tests","test_network_parameters","TestNetworkPrefix","","","test_address_prefix[Test for Joystream]",""
"passed","Tue Dec 19 00:13:26 GMT 2023","Tue Dec 19 00:13:27 GMT 2023","1642","","io.novafoundation.nova.balances.BalancesIntegrationTest","","io.novafoundation.nova.balances.BalancesIntegrationTest","testBalancesLoading[Khala]","testBalancesLoading[Khala]",""
"passed","Tue Dec 19 00:07:00 GMT 2023","Tue Dec 19 00:07:00 GMT 2023","0","tests","test_network_parameters","TestChainId","","","test_chainId[Test for Crab]",""
"passed","Tue Dec 19 00:02:47 GMT 2023","Tue Dec 19 00:02:47 GMT 2023","0","tests","test_network_parameters","TestChainId","","","test_chainId[Test for Kabocha]",""
"broken","Tue Dec 19 00:09:47 GMT 2023","Tue Dec 19 00:09:47 GMT 2023","0","tests","test_nodes_availability","","","","test_can_create_connection[Test for Polkadot Collectives, url: wss://collectives.public.curie.radiumblock.co/ws]",""
"passed","Tue Dec 19 00:08:05 GMT 2023","Tue Dec 19 00:08:05 GMT 2023","1","tests","test_nodes_availability","","","","test_can_create_connection[Test for Amplitude, url: wss://rpc-amplitude.pendulumchain.tech]",""
"passed","Tue Dec 19 00:03:42 GMT 2023","Tue Dec 19 00:03:42 GMT 2023","0","tests","test_nodes_availability","","","","test_can_create_connection[Test for Nodle Parachain, url: wss://eden-rpc.dwellir.com]",""
"passed","Tue Dec 19 00:02:52 GMT 2023","Tue Dec 19 00:02:52 GMT 2023","0","tests","test_nodes_availability","","","","test_can_create_connection[Test for Kusama, url: wss://rpc.ibp.network/kusama]",""
"passed","Tue Dec 19 00:01:56 GMT 2023","Tue Dec 19 00:01:56 GMT 2023","1","tests","test_network_parameters","TestChainId","","","test_chainId[Test for Kusama]",""
"passed","Tue Dec 19 00:01:57 GMT 2023","Tue Dec 19 00:01:57 GMT 2023","0","tests","test_nodes_availability","","","","test_can_create_connection[Test for Moonbeam, url: wss://wss.api.moonbeam.network]",""
"passed","Tue Dec 19 00:02:21 GMT 2023","Tue Dec 19 00:02:21 GMT 2023","0","tests","test_network_parameters","TestPrecision","","","test_precision[Test for Turing]",""
"passed","Tue Dec 19 00:01:53 GMT 2023","Tue Dec 19 00:01:53 GMT 2023","0","tests","test_network_parameters","TestPrecision","","","test_precision[Test for Khala]",""
"passed","Tue Dec 19 00:01:59 GMT 2023","Tue Dec 19 00:01:59 GMT 2023","0","tests","test_network_parameters","TestPrecision","","","test_precision[Test for Moonriver]",""
"passed","Tue Dec 19 00:03:13 GMT 2023","Tue Dec 19 00:03:13 GMT 2023","0","tests","test_nodes_availability","","","","test_can_create_connection[Test for Picasso, url: wss://rpc.composablenodes.tech]",""
"passed","Tue Dec 19 00:01:55 GMT 2023","Tue Dec 19 00:01:55 GMT 2023","0","tests","test_network_parameters","TestChainId","","","test_chainId[Test for KILT]",""
"passed","Tue Dec 19 00:03:47 GMT 2023","Tue Dec 19 00:03:47 GMT 2023","0","tests","test_nodes_availability","","","","test_can_create_connection[Test for HydraDX, url: wss://hydradx-rpc.dwellir.com]",""
"passed","Tue Dec 19 00:14:00 GMT 2023","Tue Dec 19 00:14:03 GMT 2023","2326","","io.novafoundation.nova.balances.BalancesIntegrationTest","","io.novafoundation.nova.balances.BalancesIntegrationTest","testBalancesLoading[Zeitgeist]","testBalancesLoading[Zeitgeist]",""
"passed","Tue Dec 19 00:02:29 GMT 2023","Tue Dec 19 00:02:29 GMT 2023","0","tests","test_nodes_availability","","","","test_can_create_connection[Test for KILT, url: wss://kilt-rpc.dwellir.com]",""
"passed","Tue Dec 19 00:02:10 GMT 2023","Tue Dec 19 00:02:10 GMT 2023","0","tests","test_nodes_availability","","","","test_can_create_connection[Test for Moonriver, url: wss://moonriver.public.blastapi.io]",""
"passed","Tue Dec 19 00:05:52 GMT 2023","Tue Dec 19 00:05:52 GMT 2023","0","tests","test_nodes_availability","","","","test_can_create_connection[Test for Equilibrium, url: wss://node.pol.equilibrium.io]",""
"passed","Tue Dec 19 00:02:55 GMT 2023","Tue Dec 19 00:02:56 GMT 2023","1312","tests","test_check_new_assets","TestAssets","","","test_has_new_assets[Test for Bifrost Polkadot]",""
"passed","Tue Dec 19 00:02:27 GMT 2023","Tue Dec 19 00:02:27 GMT 2023","1","tests","test_network_parameters","TestNetworkPrefix","","","test_address_prefix[Test for Polkadot Asset Hub]",""
"passed","Tue Dec 19 00:02:43 GMT 2023","Tue Dec 19 00:02:43 GMT 2023","0","tests","test_network_parameters","TestPrecision","","","test_precision[Test for Bajun]",""
"passed","Tue Dec 19 00:15:21 GMT 2023","Tue Dec 19 00:15:22 GMT 2023","599","","io.novafoundation.nova.balances.BalancesIntegrationTest","","io.novafoundation.nova.balances.BalancesIntegrationTest","testFeeLoading[XX network]","testFeeLoading[XX network]",""
"passed","Tue Dec 19 00:01:52 GMT 2023","Tue Dec 19 00:01:52 GMT 2023","0","tests","test_network_parameters","TestChainId","","","test_chainId[Test for Khala]",""
"passed","Tue Dec 19 00:13:11 GMT 2023","Tue Dec 19 00:13:11 GMT 2023","821","","io.novafoundation.nova.balances.BalancesIntegrationTest","","io.novafoundation.nova.balances.BalancesIntegrationTest","testFeeLoading[Polkadot]","testFeeLoading[Polkadot]",""
"passed","Tue Dec 19 00:02:37 GMT 2023","Tue Dec 19 00:02:37 GMT 2023","0","tests","test_network_parameters","TestPrecision","","","test_precision[Test for Litentry]",""
"passed","Tue Dec 19 00:03:40 GMT 2023","Tue Dec 19 00:03:41 GMT 2023","492","tests","test_check_new_assets","TestAssets","","","test_has_new_assets[Test for Vara]",""
"passed","Tue Dec 19 00:15:23 GMT 2023","Tue Dec 19 00:15:23 GMT 2023","859","","io.novafoundation.nova.balances.BalancesIntegrationTest","","io.novafoundation.nova.balances.BalancesIntegrationTest","testBalancesLoading[Aventus]","testBalancesLoading[Aventus]",""
"passed","Tue Dec 19 00:02:05 GMT 2023","Tue Dec 19 00:02:05 GMT 2023","0","tests","test_nodes_availability","","","","test_can_create_connection[Test for Bifrost Kusama, url: wss://bifrost-parachain.api.onfinality.io/public-ws]",""
"passed","Tue Dec 19 00:03:00 GMT 2023","Tue Dec 19 00:03:00 GMT 2023","0","tests","test_nodes_availability","","","","test_can_create_connection[Test for Acala, url: wss://acala-rpc-0.aca-api.network]",""
"passed","Tue Dec 19 00:02:08 GMT 2023","Tue Dec 19 00:02:08 GMT 2023","0","tests","test_nodes_availability","","","","test_can_create_connection[Test for Basilisk, url: wss://rpc.basilisk.cloud]",""
"passed","Tue Dec 19 00:04:16 GMT 2023","Tue Dec 19 00:04:16 GMT 2023","0","tests","test_nodes_availability","","","","test_can_create_connection[Test for Kabocha, url: wss://kabocha.jelliedowl.com]",""
"passed","Tue Dec 19 00:01:52 GMT 2023","Tue Dec 19 00:01:52 GMT 2023","0","tests","test_nodes_availability","","","","test_can_create_connection[Test for Kusama, url: wss://rpc.dotters.network/kusama]",""
"passed","Tue Dec 19 00:02:33 GMT 2023","Tue Dec 19 00:02:33 GMT 2023","1","tests","test_network_parameters","TestNetworkPrefix","","","test_address_prefix[Test for Kabocha]",""
"passed","Tue Dec 19 00:04:05 GMT 2023","Tue Dec 19 00:04:05 GMT 2023","0","tests","test_nodes_availability","","","","test_can_create_connection[Test for Robonomics, url: wss://kusama.rpc.robonomics.network/]",""
"passed","Tue Dec 19 00:03:26 GMT 2023","Tue Dec 19 00:03:26 GMT 2023","350","tests","test_check_new_assets","TestAssets","","","test_has_new_assets[Test for Hashed Network]",""
"passed","Tue Dec 19 00:02:52 GMT 2023","Tue Dec 19 00:02:52 GMT 2023","0","tests","test_network_parameters","TestNetworkPrefix","","","test_address_prefix[Test for Hashed Network]",""
"passed","Tue Dec 19 00:06:03 GMT 2023","Tue Dec 19 00:06:03 GMT 2023","0","tests","test_nodes_availability","","","","test_can_create_connection[Test for Westend, url: wss://rpc.dotters.network/westend]",""
"passed","Tue Dec 19 00:13:39 GMT 2023","Tue Dec 19 00:13:42 GMT 2023","2356","","io.novafoundation.nova.balances.BalancesIntegrationTest","","io.novafoundation.nova.balances.BalancesIntegrationTest","testBalancesLoading[Bit. Country]","testBalancesLoading[Bit. Country]",""
"passed","Tue Dec 19 00:04:06 GMT 2023","Tue Dec 19 00:04:06 GMT 2023","0","tests","test_network_parameters","TestChainId","","","test_chainId[Test for OriginTrail Parachain]",""
"passed","Tue Dec 19 00:02:02 GMT 2023","Tue Dec 19 00:02:02 GMT 2023","0","tests","test_network_parameters","TestChainId","","","test_chainId[Test for Kusama Asset Hub]",""
"broken","Tue Dec 19 00:08:44 GMT 2023","Tue Dec 19 00:08:44 GMT 2023","0","tests","test_nodes_availability","","","","test_can_create_connection[Test for Polkadot Collectives, url: wss://collectives.api.onfinality.io/public-ws]",""
"passed","Tue Dec 19 00:03:44 GMT 2023","Tue Dec 19 00:03:44 GMT 2023","0","tests","test_nodes_availability","","","","test_can_create_connection[Test for Nodle Parachain, url: wss://nodle-parachain.api.onfinality.io/public-ws]",""
"passed","Tue Dec 19 00:02:29 GMT 2023","Tue Dec 19 00:02:30 GMT 2023","738","tests","test_check_new_assets","TestAssets","","","test_has_new_assets[Test for Integritee Parachain]",""
"passed","Tue Dec 19 00:15:06 GMT 2023","Tue Dec 19 00:15:07 GMT 2023","1155","","io.novafoundation.nova.balances.BalancesIntegrationTest","","io.novafoundation.nova.balances.BalancesIntegrationTest","testBalancesLoading[Bajun]","testBalancesLoading[Bajun]",""
"passed","Tue Dec 19 00:01:54 GMT 2023","Tue Dec 19 00:01:55 GMT 2023","804","tests","test_check_new_assets","TestAssets","","","test_has_new_assets[Test for Polkadot]",""
"passed","Tue Dec 19 00:01:50 GMT 2023","Tue Dec 19 00:01:51 GMT 2023","549","tests","test_eth_nodes_availability","TestETHNodesAvailability","","","test_rpc_node_is_synced[Test for Ethereum, url: https://rpc.ankr.com/eth]",""
"passed","Tue Dec 19 00:02:23 GMT 2023","Tue Dec 19 00:02:23 GMT 2023","0","tests","test_network_parameters","TestPrecision","","","test_precision[Test for Aleph Zero]",""
"passed","Tue Dec 19 00:02:05 GMT 2023","Tue Dec 19 00:02:05 GMT 2023","0","tests","test_network_parameters","TestNetworkPrefix","","","test_address_prefix[Test for Bit.Country Pioneer]",""
"passed","Tue Dec 19 00:14:26 GMT 2023","Tue Dec 19 00:14:27 GMT 2023","1108","","io.novafoundation.nova.balances.BalancesIntegrationTest","","io.novafoundation.nova.balances.BalancesIntegrationTest","testBalancesLoading[Parallel Heiko]","testBalancesLoading[Parallel Heiko]",""
"passed","Tue Dec 19 00:13:24 GMT 2023","Tue Dec 19 00:13:25 GMT 2023","1166","","io.novafoundation.nova.balances.BalancesIntegrationTest","","io.novafoundation.nova.balances.BalancesIntegrationTest","testFeeLoading[Bifrost]","testFeeLoading[Bifrost]",""
"passed","Tue Dec 19 00:02:18 GMT 2023","Tue Dec 19 00:02:18 GMT 2023","0","tests","test_nodes_availability","","","","test_can_create_connection[Test for Altair, url: wss://altair.api.onfinality.io/public-ws]",""
"passed","Tue Dec 19 00:03:23 GMT 2023","Tue Dec 19 00:03:23 GMT 2023","0","tests","test_nodes_availability","","","","test_can_create_connection[Test for Integritee Parachain, url: wss://kusama.api.integritee.network]",""
"passed","Tue Dec 19 00:02:08 GMT 2023","Tue Dec 19 00:02:09 GMT 2023","1470","tests","test_check_new_assets","TestAssets","","","test_has_new_assets[Test for Altair]",""
"passed","Tue Dec 19 00:03:15 GMT 2023","Tue Dec 19 00:03:15 GMT 2023","0","tests","test_network_parameters","TestNetworkPrefix","","","test_address_prefix[Test for Myriad]",""
"passed","Tue Dec 19 00:13:30 GMT 2023","Tue Dec 19 00:13:32 GMT 2023","2161","","io.novafoundation.nova.balances.BalancesIntegrationTest","","io.novafoundation.nova.balances.BalancesIntegrationTest","testBalancesLoading[Calamari]","testBalancesLoading[Calamari]",""
"passed","Tue Dec 19 00:03:22 GMT 2023","Tue Dec 19 00:03:22 GMT 2023","0","tests","test_network_parameters","TestChainId","","","test_chainId[Test for 3DPass]",""
"passed","Tue Dec 19 00:03:18 GMT 2023","Tue Dec 19 00:03:18 GMT 2023","1","tests","test_network_parameters","TestPrecision","","","test_precision[Test for Equilibrium]",""
"passed","Tue Dec 19 00:02:41 GMT 2023","Tue Dec 19 00:02:41 GMT 2023","0","tests","test_network_parameters","TestNetworkPrefix","","","test_address_prefix[Test for Kapex]",""
"passed","Tue Dec 19 00:02:05 GMT 2023","Tue Dec 19 00:02:05 GMT 2023","0","tests","test_network_parameters","TestPrecision","","","test_precision[Test for Robonomics]",""
"passed","Tue Dec 19 00:13:52 GMT 2023","Tue Dec 19 00:13:53 GMT 2023","1366","","io.novafoundation.nova.balances.BalancesIntegrationTest","","io.novafoundation.nova.balances.BalancesIntegrationTest","testBalancesLoading[Picasso]","testBalancesLoading[Picasso]",""
"passed","Tue Dec 19 00:15:26 GMT 2023","Tue Dec 19 00:15:26 GMT 2023","133","","io.novafoundation.nova.balances.BalancesIntegrationTest","","io.novafoundation.nova.balances.BalancesIntegrationTest","testFeeLoading[Hashed Network]","testFeeLoading[Hashed Network]",""
"passed","Tue Dec 19 00:01:55 GMT 2023","Tue Dec 19 00:01:55 GMT 2023","0","tests","test_network_parameters","TestPrecision","","","test_precision[Test for Bifrost Kusama]",""
"passed","Tue Dec 19 00:02:43 GMT 2023","Tue Dec 19 00:02:43 GMT 2023","0","tests","test_network_parameters","TestPrecision","","","test_precision[Test for Amplitude]",""
"passed","Tue Dec 19 00:02:32 GMT 2023","Tue Dec 19 00:02:32 GMT 2023","0","tests","test_nodes_availability","","","","test_can_create_connection[Test for Khala, url: wss://khala.api.onfinality.io/public-ws]",""
"passed","Tue Dec 19 00:03:23 GMT 2023","Tue Dec 19 00:03:24 GMT 2023","963","tests","test_check_new_assets","TestAssets","","","test_has_new_assets[Test for Darwinia]",""
"passed","Tue Dec 19 00:03:01 GMT 2023","Tue Dec 19 00:03:03 GMT 2023","1582","tests","test_check_new_assets","TestAssets","","","test_has_new_assets[Test for Litentry]",""
"passed","Tue Dec 19 00:13:25 GMT 2023","Tue Dec 19 00:13:25 GMT 2023","680","","io.novafoundation.nova.balances.BalancesIntegrationTest","","io.novafoundation.nova.balances.BalancesIntegrationTest","testBalancesLoading[Edgeware]","testBalancesLoading[Edgeware]",""
"passed","Tue Dec 19 00:02:15 GMT 2023","Tue Dec 19 00:02:15 GMT 2023","318","tests","test_check_new_assets","TestAssets","","","test_has_new_assets[Test for Encointer]",""
"passed","Tue Dec 19 00:02:43 GMT 2023","Tue Dec 19 00:02:43 GMT 2023","1","tests","test_network_parameters","TestChainId","","","test_chainId[Test for Mangata X]",""
"passed","Tue Dec 19 00:02:02 GMT 2023","Tue Dec 19 00:02:02 GMT 2023","0","tests","test_network_parameters","TestPrecision","","","test_precision[Test for Kusama Asset Hub]",""
"passed","Tue Dec 19 00:05:44 GMT 2023","Tue Dec 19 00:05:44 GMT 2023","0","tests","test_nodes_availability","","","","test_can_create_connection[Test for Aventus, url: wss://public-rpc.mainnet.aventus.io]",""
"passed","Tue Dec 19 00:02:13 GMT 2023","Tue Dec 19 00:02:14 GMT 2023","817","tests","test_check_new_assets","TestAssets","","","test_has_new_assets[Test for Parallel Heiko]",""
"passed","Tue Dec 19 00:02:37 GMT 2023","Tue Dec 19 00:02:38 GMT 2023","1515","tests","test_check_new_assets","TestAssets","","","test_has_new_assets[Test for Litmus]",""
"passed","Tue Dec 19 00:05:55 GMT 2023","Tue Dec 19 00:05:55 GMT 2023","0","tests","test_nodes_availability","","","","test_can_create_connection[Test for Equilibrium, url: wss://equilibrium-rpc.dwellir.com]",""
"passed","Tue Dec 19 00:03:36 GMT 2023","Tue Dec 19 00:03:37 GMT 2023","870","tests","test_check_new_assets","TestAssets","","","test_has_new_assets[Test for krest]",""
"passed","Tue Dec 19 00:03:30 GMT 2023","Tue Dec 19 00:03:30 GMT 2023","0","tests","test_network_parameters","TestNetworkPrefix","","","test_address_prefix[Test for Dock]",""
"passed","Tue Dec 19 00:03:35 GMT 2023","Tue Dec 19 00:03:38 GMT 2023","2258","tests","test_check_new_assets","TestAssets","","","test_has_new_assets[Test for Crab]",""
"passed","Tue Dec 19 00:03:56 GMT 2023","Tue Dec 19 00:03:56 GMT 2023","1","tests","test_network_parameters","TestPrecision","","","test_precision[Test for Dock]",""
"passed","Tue Dec 19 00:02:47 GMT 2023","Tue Dec 19 00:02:47 GMT 2023","1","tests","test_network_parameters","TestPrecision","","","test_precision[Test for Ternoa]",""
"passed","Tue Dec 19 00:02:04 GMT 2023","Tue Dec 19 00:02:04 GMT 2023","1","tests","test_network_parameters","TestNetworkPrefix","","","test_address_prefix[Test for Subsocial]",""
"passed","Tue Dec 19 00:03:01 GMT 2023","Tue Dec 19 00:03:01 GMT 2023","0","tests","test_nodes_availability","","","","test_can_create_connection[Test for Encointer, url: wss://api.kusama.encointer.org]",""
"passed","Tue Dec 19 00:02:10 GMT 2023","Tue Dec 19 00:02:10 GMT 2023","0","tests","test_network_parameters","TestPrecision","","","test_precision[Test for Kintsugi]",""
"passed","Tue Dec 19 00:01:53 GMT 2023","Tue Dec 19 00:01:53 GMT 2023","0","tests","test_nodes_availability","","","","test_can_create_connection[Test for Polkadot, url: wss://polkadot-rpc.dwellir.com]",""
"passed","Tue Dec 19 00:01:54 GMT 2023","Tue Dec 19 00:01:54 GMT 2023","0","tests","test_network_parameters","TestChainId","","","test_chainId[Test for Bifrost Kusama]",""
"passed","Tue Dec 19 00:04:16 GMT 2023","Tue Dec 19 00:04:16 GMT 2023","0","tests","test_network_parameters","TestNetworkPrefix","","","test_address_prefix[Test for Darwinia]",""
"passed","Tue Dec 19 00:03:23 GMT 2023","Tue Dec 19 00:03:23 GMT 2023","0","tests","test_nodes_availability","","","","test_can_create_connection[Test for CLV Parachain, url: wss://rpc-para.clover.finance]",""
"passed","Tue Dec 19 00:02:30 GMT 2023","Tue Dec 19 00:02:30 GMT 2023","0","tests","test_network_parameters","TestNetworkPrefix","","","test_address_prefix[Test for Mangata X]",""
"passed","Tue Dec 19 00:03:39 GMT 2023","Tue Dec 19 00:03:39 GMT 2023","0","tests","test_nodes_availability","","","","test_can_create_connection[Test for Interlay, url: wss://rpc-interlay.luckyfriday.io/]",""
"passed","Tue Dec 19 00:02:19 GMT 2023","Tue Dec 19 00:02:19 GMT 2023","0","tests","test_network_parameters","TestNetworkPrefix","","","test_address_prefix[Test for Integritee Parachain]",""
"passed","Tue Dec 19 00:02:54 GMT 2023","Tue Dec 19 00:02:54 GMT 2023","0","tests","test_network_parameters","TestPrecision","","","test_precision[Test for Pendulum]",""
"passed","Tue Dec 19 00:02:01 GMT 2023","Tue Dec 19 00:02:01 GMT 2023","0","tests","test_nodes_availability","","","","test_can_create_connection[Test for Bifrost Kusama, url: wss://bifrost-rpc.dwellir.com]",""
"passed","Tue Dec 19 00:03:08 GMT 2023","Tue Dec 19 00:03:08 GMT 2023","1","tests","test_nodes_availability","","","","test_can_create_connection[Test for Acala, url: wss://acala-rpc-3.aca-api.network/ws]",""
"passed","Tue Dec 19 00:13:10 GMT 2023","Tue Dec 19 00:13:11 GMT 2023","130","","io.novafoundation.nova.balances.BalancesIntegrationTest","","io.novafoundation.nova.balances.BalancesIntegrationTest","testBalancesLoading[Polkadot]","testBalancesLoading[Polkadot]",""
"passed","Tue Dec 19 00:02:22 GMT 2023","Tue Dec 19 00:02:22 GMT 2023","1","tests","test_network_parameters","TestChainId","","","test_chainId[Test for Aleph Zero]",""
"broken","Tue Dec 19 00:04:31 GMT 2023","Tue Dec 19 00:04:31 GMT 2023","0","tests","test_nodes_availability","","","","test_can_create_connection[Test for Polkadex, url: wss://mainnet.polkadex.trade]",""
"passed","Tue Dec 19 00:03:36 GMT 2023","Tue Dec 19 00:03:36 GMT 2023","0","tests","test_network_parameters","TestChainId","","","test_chainId[Test for Myriad]",""
"passed","Tue Dec 19 00:05:46 GMT 2023","Tue Dec 19 00:05:46 GMT 2023","0","tests","test_nodes_availability","","","","test_can_create_connection[Test for Hashed Network, url: wss://c2.hashed.network]",""
"passed","Tue Dec 19 00:13:27 GMT 2023","Tue Dec 19 00:13:28 GMT 2023","509","","io.novafoundation.nova.balances.BalancesIntegrationTest","","io.novafoundation.nova.balances.BalancesIntegrationTest","testFeeLoading[Khala]","testFeeLoading[Khala]",""
"passed","Tue Dec 19 00:14:23 GMT 2023","Tue Dec 19 00:14:25 GMT 2023","1457","","io.novafoundation.nova.balances.BalancesIntegrationTest","","io.novafoundation.nova.balances.BalancesIntegrationTest","testBalancesLoading[Polkadex Solochain]","testBalancesLoading[Polkadex Solochain]",""
"passed","Tue Dec 19 00:03:25 GMT 2023","Tue Dec 19 00:03:25 GMT 2023","0","tests","test_network_parameters","TestPrecision","","","test_precision[Test for Frequency]",""
"passed","Tue Dec 19 00:14:31 GMT 2023","Tue Dec 19 00:14:53 GMT 2023","21892","","io.novafoundation.nova.balances.BalancesIntegrationTest","","io.novafoundation.nova.balances.BalancesIntegrationTest","testBalancesLoading[Bifrost Polkadot]","testBalancesLoading[Bifrost Polkadot]",""
"passed","Tue Dec 19 00:13:20 GMT 2023","Tue Dec 19 00:13:21 GMT 2023","998","","io.novafoundation.nova.balances.BalancesIntegrationTest","","io.novafoundation.nova.balances.BalancesIntegrationTest","testBalancesLoading[Moonriver]","testBalancesLoading[Moonriver]",""
"passed","Tue Dec 19 00:15:20 GMT 2023","Tue Dec 19 00:15:20 GMT 2023","200","","io.novafoundation.nova.balances.BalancesIntegrationTest","","io.novafoundation.nova.balances.BalancesIntegrationTest","testFeeLoading[Myriad]","testFeeLoading[Myriad]",""
"passed","Tue Dec 19 00:01:54 GMT 2023","Tue Dec 19 00:01:55 GMT 2023","707","tests","test_check_new_assets","TestAssets","","","test_has_new_assets[Test for Khala]",""
"passed","Tue Dec 19 00:06:00 GMT 2023","Tue Dec 19 00:06:00 GMT 2023","0","tests","test_nodes_availability","","","","test_can_create_connection[Test for Ajuna, url: wss://rpc-parachain.ajuna.network]",""
"passed","Tue Dec 19 00:01:57 GMT 2023","Tue Dec 19 00:01:57 GMT 2023","0","tests","test_network_parameters","TestNetworkPrefix","","","test_address_prefix[Test for Calamari]",""
"passed","Tue Dec 19 00:03:35 GMT 2023","Tue Dec 19 00:03:35 GMT 2023","0","tests","test_network_parameters","TestChainId","","","test_chainId[Test for Polkadot Bridge Hub]",""
"passed","Tue Dec 19 00:01:54 GMT 2023","Tue Dec 19 00:01:54 GMT 2023","0","tests","test_network_parameters","TestChainId","","","test_chainId[Test for Karura]",""
"passed","Tue Dec 19 00:02:07 GMT 2023","Tue Dec 19 00:02:07 GMT 2023","0","tests","test_network_parameters","TestChainId","","","test_chainId[Test for Encointer]",""
"passed","Tue Dec 19 00:02:42 GMT 2023","Tue Dec 19 00:02:42 GMT 2023","0","tests","test_network_parameters","TestNetworkPrefix","","","test_address_prefix[Test for Ternoa]",""
"passed","Tue Dec 19 00:13:49 GMT 2023","Tue Dec 19 00:13:50 GMT 2023","1153","","io.novafoundation.nova.balances.BalancesIntegrationTest","","io.novafoundation.nova.balances.BalancesIntegrationTest","testBalancesLoading[Parallel]","testBalancesLoading[Parallel]",""
"passed","Tue Dec 19 00:02:42 GMT 2023","Tue Dec 19 00:02:43 GMT 2023","700","tests","test_check_new_assets","TestAssets","","","test_has_new_assets[Test for Kabocha]",""
"passed","Tue Dec 19 00:14:21 GMT 2023","Tue Dec 19 00:14:21 GMT 2023","522","","io.novafoundation.nova.balances.BalancesIntegrationTest","","io.novafoundation.nova.balances.BalancesIntegrationTest","testFeeLoading[Integritee Parachain]","testFeeLoading[Integritee Parachain]",""
"passed","Tue Dec 19 00:01:56 GMT 2023","Tue Dec 19 00:01:56 GMT 2023","0","tests","test_network_parameters","TestNetworkPrefix","","","test_address_prefix[Test for Kusama]",""
"passed","Tue Dec 19 00:14:28 GMT 2023","Tue Dec 19 00:14:30 GMT 2023","2315","","io.novafoundation.nova.balances.BalancesIntegrationTest","","io.novafoundation.nova.balances.BalancesIntegrationTest","testBalancesLoading[Altair]","testBalancesLoading[Altair]",""
"passed","Tue Dec 19 00:02:08 GMT 2023","Tue Dec 19 00:02:08 GMT 2023","0","tests","test_network_parameters","TestPrecision","","","test_precision[Test for Parallel Heiko]",""
"passed","Tue Dec 19 00:15:09 GMT 2023","Tue Dec 19 00:15:09 GMT 2023","830","","io.novafoundation.nova.balances.BalancesIntegrationTest","","io.novafoundation.nova.balances.BalancesIntegrationTest","testFeeLoading[Tinkernet]","testFeeLoading[Tinkernet]",""
"passed","Tue Dec 19 00:02:51 GMT 2023","Tue Dec 19 00:02:51 GMT 2023","0","tests","test_network_parameters","TestChainId","","","test_chainId[Test for Bifrost Polkadot]",""
"broken","Tue Dec 19 00:02:31 GMT 2023","Tue Dec 19 00:02:31 GMT 2023","0","tests","test_nodes_availability","","","","test_can_create_connection[Test for Polkadot, url: wss://polkadot.api.onfinality.io/public-ws]",""
"passed","Tue Dec 19 00:03:30 GMT 2023","Tue Dec 19 00:03:30 GMT 2023","0","tests","test_nodes_availability","","","","test_can_create_connection[Test for Polkadot Asset Hub, url: wss://statemint-rpc.dwellir.com]",""
"broken","Tue Dec 19 00:05:32 GMT 2023","Tue Dec 19 00:05:32 GMT 2023","0","tests","test_network_parameters","TestPrecision","","","test_precision[Test for Ajuna]",""
"passed","Tue Dec 19 00:02:05 GMT 2023","Tue Dec 19 00:02:05 GMT 2023","0","tests","test_network_parameters","TestPrecision","","","test_precision[Test for Subsocial]",""
"passed","Tue Dec 19 00:02:42 GMT 2023","Tue Dec 19 00:02:42 GMT 2023","1","tests","test_network_parameters","TestNetworkPrefix","","","test_address_prefix[Test for UNIQUE]",""
"passed","Tue Dec 19 00:02:06 GMT 2023","Tue Dec 19 00:02:06 GMT 2023","0","tests","test_network_parameters","TestChainId","","","test_chainId[Test for Bit.Country Pioneer]",""
"passed","Tue Dec 19 00:03:45 GMT 2023","Tue Dec 19 00:03:45 GMT 2023","0","tests","test_network_parameters","TestChainId","","","test_chainId[Test for Watr]",""
"passed","Tue Dec 19 00:07:05 GMT 2023","Tue Dec 19 00:07:05 GMT 2023","0","tests","test_nodes_availability","","","","test_can_create_connection[Test for Polkadot Bridge Hub, url: wss://sys.dotters.network/bridgehub-polkadot]",""
"broken","Tue Dec 19 00:06:50 GMT 2023","Tue Dec 19 00:06:50 GMT 2023","0","tests","test_nodes_availability","","","","test_can_create_connection[Test for Bajun, url: wss://bajun.public.curie.radiumblock.co/ws]",""
"passed","Tue Dec 19 00:01:56 GMT 2023","Tue Dec 19 00:01:56 GMT 2023","0","tests","test_network_parameters","TestChainId","","","test_chainId[Test for Moonbeam]",""
"passed","Tue Dec 19 00:02:50 GMT 2023","Tue Dec 19 00:02:50 GMT 2023","0","tests","test_network_parameters","TestPrecision","","","test_precision[Test for Polymesh]",""
"passed","Tue Dec 19 00:07:09 GMT 2023","Tue Dec 19 00:07:09 GMT 2023","0","tests","test_nodes_availability","","","","test_can_create_connection[Test for Kusama Bridge Hub, url: wss://sys.dotters.network/bridgehub-kusama]",""
"passed","Tue Dec 19 00:03:48 GMT 2023","Tue Dec 19 00:03:48 GMT 2023","1","tests","test_nodes_availability","","","","test_can_create_connection[Test for Phala, url: wss://phala-rpc.dwellir.com]",""
"passed","Tue Dec 19 00:15:15 GMT 2023","Tue Dec 19 00:15:15 GMT 2023","651","","io.novafoundation.nova.balances.BalancesIntegrationTest","","io.novafoundation.nova.balances.BalancesIntegrationTest","testFeeLoading[Kapex]","testFeeLoading[Kapex]",""
"passed","Tue Dec 19 00:13:12 GMT 2023","Tue Dec 19 00:13:13 GMT 2023","1139","","io.novafoundation.nova.balances.BalancesIntegrationTest","","io.novafoundation.nova.balances.BalancesIntegrationTest","testFeeLoading[Kusama]","testFeeLoading[Kusama]",""
"passed","Tue Dec 19 00:01:56 GMT 2023","Tue Dec 19 00:01:58 GMT 2023","1228","tests","test_check_new_assets","TestAssets","","","test_has_new_assets[Test for Bifrost Kusama]",""
"passed","Tue Dec 19 00:04:13 GMT 2023","Tue Dec 19 00:04:13 GMT 2023","0","tests","test_nodes_availability","","","","test_can_create_connection[Test for Mangata X, url: wss://kusama-archive.mangata.online]",""
"passed","Tue Dec 19 00:02:03 GMT 2023","Tue Dec 19 00:02:03 GMT 2023","1","tests","test_network_parameters","TestChainId","","","test_chainId[Test for Altair]",""
"passed","Tue Dec 19 00:05:20 GMT 2023","Tue Dec 19 00:05:20 GMT 2023","0","tests","test_nodes_availability","","","","test_can_create_connection[Test for Myriad, url: wss://gateway.mainnet.octopus.network/myriad/a4cb0a6e30ff5233a3567eb4e8cb71e0]",""
"passed","Tue Dec 19 00:02:10 GMT 2023","Tue Dec 19 00:02:10 GMT 2023","0","tests","test_network_parameters","TestNetworkPrefix","","","test_address_prefix[Test for Acala]",""
"passed","Tue Dec 19 00:15:25 GMT 2023","Tue Dec 19 00:15:26 GMT 2023","614","","io.novafoundation.nova.balances.BalancesIntegrationTest","","io.novafoundation.nova.balances.BalancesIntegrationTest","testBalancesLoading[Hashed Network]","testBalancesLoading[Hashed Network]",""
"passed","Tue Dec 19 00:02:31 GMT 2023","Tue Dec 19 00:02:31 GMT 2023","0","tests","test_network_parameters","TestPrecision","","","test_precision[Test for Bifrost Polkadot]",""
"passed","Tue Dec 19 00:02:37 GMT 2023","Tue Dec 19 00:02:37 GMT 2023","0","tests","test_nodes_availability","","","","test_can_create_connection[Test for Polkadot, url: wss://1rpc.io/dot]",""
"passed","Tue Dec 19 00:03:08 GMT 2023","Tue Dec 19 00:03:08 GMT 2023","866","tests","test_check_new_assets","TestAssets","","","test_has_new_assets[Test for UNIQUE]",""
"passed","Tue Dec 19 00:02:41 GMT 2023","Tue Dec 19 00:02:41 GMT 2023","0","tests","test_network_parameters","TestPrecision","","","test_precision[Test for UNIQUE]",""
"passed","Tue Dec 19 00:02:51 GMT 2023","Tue Dec 19 00:02:51 GMT 2023","1","tests","test_network_parameters","TestNetworkPrefix","","","test_address_prefix[Test for Aventus]",""
"passed","Tue Dec 19 00:02:22 GMT 2023","Tue Dec 19 00:02:23 GMT 2023","743","tests","test_check_new_assets","TestAssets","","","test_has_new_assets[Test for Nodle Parachain]",""
"passed","Tue Dec 19 00:03:13 GMT 2023","Tue Dec 19 00:03:13 GMT 2023","1","tests","test_network_parameters","TestChainId","","","test_chainId[Test for XX network]",""
"passed","Tue Dec 19 00:03:05 GMT 2023","Tue Dec 19 00:03:05 GMT 2023","0","tests","test_network_parameters","TestChainId","","","test_chainId[Test for Kapex]",""
"passed","Tue Dec 19 00:13:38 GMT 2023","Tue Dec 19 00:13:39 GMT 2023","1351","","io.novafoundation.nova.balances.BalancesIntegrationTest","","io.novafoundation.nova.balances.BalancesIntegrationTest","testFeeLoading[Astar]","testFeeLoading[Astar]",""
"passed","Tue Dec 19 00:15:38 GMT 2023","Tue Dec 19 00:15:40 GMT 2023","2248","","io.novafoundation.nova.balances.BalancesIntegrationTest","","io.novafoundation.nova.balances.BalancesIntegrationTest","testBalancesLoading[Manta]","testBalancesLoading[Manta]",""
"broken","Tue Dec 19 00:03:13 GMT 2023","Tue Dec 19 00:03:13 GMT 2023","0","tests","test_network_parameters","TestNetworkPrefix","","","test_address_prefix[Test for DAO IPCI]",""
"passed","Tue Dec 19 00:08:14 GMT 2023","Tue Dec 19 00:08:14 GMT 2023","0","tests","test_nodes_availability","","","","test_can_create_connection[Test for Jur, url: wss://jur-mainnet-archive-rpc-1.icebergnodes.io]",""
"passed","Tue Dec 19 00:15:25 GMT 2023","Tue Dec 19 00:15:25 GMT 2023","424","","io.novafoundation.nova.balances.BalancesIntegrationTest","","io.novafoundation.nova.balances.BalancesIntegrationTest","testFeeLoading[Crust]","testFeeLoading[Crust]",""
"passed","Tue Dec 19 00:07:15 GMT 2023","Tue Dec 19 00:07:15 GMT 2023","0","tests","test_nodes_availability","","","","test_can_create_connection[Test for Polkadot Collectives, url: wss://sys.dotters.network/collectives-polkadot]",""
"passed","Tue Dec 19 00:15:02 GMT 2023","Tue Dec 19 00:15:02 GMT 2023","106","","io.novafoundation.nova.balances.BalancesIntegrationTest","","io.novafoundation.nova.balances.BalancesIntegrationTest","testFeeLoading[Aleph Zero Testnet]","testFeeLoading[Aleph Zero Testnet]",""
"passed","Tue Dec 19 00:02:00 GMT 2023","Tue Dec 19 00:02:00 GMT 2023","0","tests","test_network_parameters","TestPrecision","","","test_precision[Test for Westend]",""
"passed","Tue Dec 19 00:13:51 GMT 2023","Tue Dec 19 00:13:52 GMT 2023","518","","io.novafoundation.nova.balances.BalancesIntegrationTest","","io.novafoundation.nova.balances.BalancesIntegrationTest","testFeeLoading[Robonomics]","testFeeLoading[Robonomics]",""
"passed","Tue Dec 19 00:15:12 GMT 2023","Tue Dec 19 00:15:12 GMT 2023","201","","io.novafoundation.nova.balances.BalancesIntegrationTest","","io.novafoundation.nova.balances.BalancesIntegrationTest","testFeeLoading[Amplitude]","testFeeLoading[Amplitude]",""
"passed","Tue Dec 19 00:13:21 GMT 2023","Tue Dec 19 00:13:21 GMT 2023","204","","io.novafoundation.nova.balances.BalancesIntegrationTest","","io.novafoundation.nova.balances.BalancesIntegrationTest","testFeeLoading[Moonriver]","testFeeLoading[Moonriver]",""
"passed","Tue Dec 19 00:03:31 GMT 2023","Tue Dec 19 00:03:31 GMT 2023","0","tests","test_nodes_availability","","","","test_can_create_connection[Test for Interlay, url: wss://api.interlay.io/parachain]",""
"passed","Tue Dec 19 00:15:35 GMT 2023","Tue Dec 19 00:15:36 GMT 2023","1064","","io.novafoundation.nova.balances.BalancesIntegrationTest","","io.novafoundation.nova.balances.BalancesIntegrationTest","testBalancesLoading[krest]","testBalancesLoading[krest]",""
"passed","Tue Dec 19 00:02:17 GMT 2023","Tue Dec 19 00:02:17 GMT 2023","1","tests","test_network_parameters","TestPrecision","","","test_precision[Test for Centrifuge Parachain]",""
"passed","Tue Dec 19 00:02:07 GMT 2023","Tue Dec 19 00:02:08 GMT 2023","459","tests","test_check_new_assets","TestAssets","","","test_has_new_assets[Test for Kusama Asset Hub]",""
"passed","Tue Dec 19 00:02:11 GMT 2023","Tue Dec 19 00:02:11 GMT 2023","739","tests","test_check_new_assets","TestAssets","","","test_has_new_assets[Test for Subsocial]",""
"passed","Tue Dec 19 00:01:49 GMT 2023","Tue Dec 19 00:01:50 GMT 2023","530","tests","test_eth_nodes_availability","TestETHNodesAvailability","","","test_rpc_node_work_fast[Test for Ethereum, url: https://rpc.flashbots.net]",""
"passed","Tue Dec 19 00:02:20 GMT 2023","Tue Dec 19 00:02:20 GMT 2023","0","tests","test_network_parameters","TestChainId","","","test_chainId[Test for Turing]",""
"passed","Tue Dec 19 00:02:10 GMT 2023","Tue Dec 19 00:02:10 GMT 2023","0","tests","test_network_parameters","TestPrecision","","","test_precision[Test for Crust Shadow]",""
"passed","Tue Dec 19 00:02:10 GMT 2023","Tue Dec 19 00:02:10 GMT 2023","0","tests","test_network_parameters","TestNetworkPrefix","","","test_address_prefix[Test for Crust Shadow]",""
"passed","Tue Dec 19 00:03:15 GMT 2023","Tue Dec 19 00:03:15 GMT 2023","0","tests","test_nodes_availability","","","","test_can_create_connection[Test for Crust Shadow, url: wss://rpc2-shadow.crust.network/]",""
"passed","Tue Dec 19 00:02:29 GMT 2023","Tue Dec 19 00:02:29 GMT 2023","0","tests","test_nodes_availability","","","","test_can_create_connection[Test for Khala, url: wss://khala-rpc.dwellir.com]",""
"passed","Tue Dec 19 00:03:53 GMT 2023","Tue Dec 19 00:03:53 GMT 2023","0","tests","test_nodes_availability","","","","test_can_create_connection[Test for Turing, url: wss://turing-rpc.dwellir.com]",""
"passed","Tue Dec 19 00:02:38 GMT 2023","Tue Dec 19 00:02:38 GMT 2023","0","tests","test_network_parameters","TestPrecision","","","test_precision[Test for Kabocha]",""
"passed","Tue Dec 19 00:13:46 GMT 2023","Tue Dec 19 00:13:47 GMT 2023","1065","","io.novafoundation.nova.balances.BalancesIntegrationTest","","io.novafoundation.nova.balances.BalancesIntegrationTest","testBalancesLoading[Basilisk]","testBalancesLoading[Basilisk]",""
"passed","Tue Dec 19 00:15:33 GMT 2023","Tue Dec 19 00:15:34 GMT 2023","447","","io.novafoundation.nova.balances.BalancesIntegrationTest","","io.novafoundation.nova.balances.BalancesIntegrationTest","testBalancesLoading[GIANT]","testBalancesLoading[GIANT]",""
"passed","Tue Dec 19 00:02:29 GMT 2023","Tue Dec 19 00:02:29 GMT 2023","1","tests","test_network_parameters","TestPrecision","","","test_precision[Test for Picasso]",""
"passed","Tue Dec 19 00:02:59 GMT 2023","Tue Dec 19 00:02:59 GMT 2023","0","tests","test_network_parameters","TestPrecision","","","test_precision[Test for Bittensor]",""
"passed","Tue Dec 19 00:04:19 GMT 2023","Tue Dec 19 00:04:19 GMT 2023","0","tests","test_nodes_availability","","","","test_can_create_connection[Test for Bajun, url: wss://rpc-parachain.bajun.network]",""
"passed","Tue Dec 19 00:09:35 GMT 2023","Tue Dec 19 00:09:35 GMT 2023","0","tests","test_nodes_availability","","","","test_can_create_connection[Test for 3DPass, url: wss://rpc.3dpscan.io]",""
"passed","Tue Dec 19 00:02:31 GMT 2023","Tue Dec 19 00:02:32 GMT 2023","279","tests","test_check_new_assets","TestAssets","","","test_has_new_assets[Test for Aleph Zero]",""
"passed","Tue Dec 19 00:15:11 GMT 2023","Tue Dec 19 00:15:11 GMT 2023","101","","io.novafoundation.nova.balances.BalancesIntegrationTest","","io.novafoundation.nova.balances.BalancesIntegrationTest","testFeeLoading[Statemint]","testFeeLoading[Statemint]",""
"passed","Tue Dec 19 00:02:24 GMT 2023","Tue Dec 19 00:02:24 GMT 2023","0","tests","test_network_parameters","TestNetworkPrefix","","","test_address_prefix[Test for Turing]",""
"passed","Tue Dec 19 00:01:59 GMT 2023","Tue Dec 19 00:01:59 GMT 2023","0","tests","test_network_parameters","TestNetworkPrefix","","","test_address_prefix[Test for Bifrost Kusama]",""
"passed","Tue Dec 19 00:03:14 GMT 2023","Tue Dec 19 00:03:14 GMT 2023","0","tests","test_network_parameters","TestPrecision","","","test_precision[Test for Hashed Network]",""
"passed","Tue Dec 19 00:14:05 GMT 2023","Tue Dec 19 00:14:05 GMT 2023","627","","io.novafoundation.nova.balances.BalancesIntegrationTest","","io.novafoundation.nova.balances.BalancesIntegrationTest","testFeeLoading[Westmint]","testFeeLoading[Westmint]",""
"passed","Tue Dec 19 00:03:48 GMT 2023","Tue Dec 19 00:03:48 GMT 2023","1","tests","test_network_parameters","TestChainId","","","test_chainId[Test for Polkadex]",""
"passed","Tue Dec 19 00:13:58 GMT 2023","Tue Dec 19 00:14:00 GMT 2023","2002","","io.novafoundation.nova.balances.BalancesIntegrationTest","","io.novafoundation.nova.balances.BalancesIntegrationTest","testBalancesLoading[Centrifuge Parachain]","testBalancesLoading[Centrifuge Parachain]",""
"passed","Tue Dec 19 00:03:16 GMT 2023","Tue Dec 19 00:03:16 GMT 2023","0","tests","test_network_parameters","TestChainId","","","test_chainId[Test for Crust]",""
"passed","Tue Dec 19 00:15:28 GMT 2023","Tue Dec 19 00:15:29 GMT 2023","643","","io.novafoundation.nova.balances.BalancesIntegrationTest","","io.novafoundation.nova.balances.BalancesIntegrationTest","testFeeLoading[3DPass]","testFeeLoading[3DPass]",""
"passed","Tue Dec 19 00:03:52 GMT 2023","Tue Dec 19 00:03:52 GMT 2023","0","tests","test_nodes_availability","","","","test_can_create_connection[Test for Phala, url: wss://api.phala.network/ws]",""
"passed","Tue Dec 19 00:15:20 GMT 2023","Tue Dec 19 00:15:21 GMT 2023","1210","","io.novafoundation.nova.balances.BalancesIntegrationTest","","io.novafoundation.nova.balances.BalancesIntegrationTest","testBalancesLoading[XX network]","testBalancesLoading[XX network]",""
"passed","Tue Dec 19 00:02:10 GMT 2023","Tue Dec 19 00:02:10 GMT 2023","792","tests","test_check_new_assets","TestAssets","","","test_has_new_assets[Test for Bit.Country Pioneer]",""
"passed","Tue Dec 19 00:13:32 GMT 2023","Tue Dec 19 00:13:33 GMT 2023","1083","","io.novafoundation.nova.balances.BalancesIntegrationTest","","io.novafoundation.nova.balances.BalancesIntegrationTest","testFeeLoading[Calamari]","testFeeLoading[Calamari]",""
"passed","Tue Dec 19 00:02:25 GMT 2023","Tue Dec 19 00:02:25 GMT 2023","0","tests","test_nodes_availability","","","","test_can_create_connection[Test for Khala, url: wss://khala-api.phala.network/ws]",""
"passed","Tue Dec 19 00:02:50 GMT 2023","Tue Dec 19 00:02:51 GMT 2023","816","tests","test_check_new_assets","TestAssets","","","test_has_new_assets[Test for Kapex]",""
"passed","Tue Dec 19 00:02:07 GMT 2023","Tue Dec 19 00:02:07 GMT 2023","0","tests","test_network_parameters","TestNetworkPrefix","","","test_address_prefix[Test for Altair]",""
"passed","Tue Dec 19 00:03:27 GMT 2023","Tue Dec 19 00:03:27 GMT 2023","0","tests","test_nodes_availability","","","","test_can_create_connection[Test for Polkadot Asset Hub, url: wss://sys.dotters.network/statemint]",""
"passed","Tue Dec 19 00:03:18 GMT 2023","Tue Dec 19 00:03:18 GMT 2023","0","tests","test_network_parameters","TestChainId","","","test_chainId[Test for Bittensor]",""
"passed","Tue Dec 19 00:03:17 GMT 2023","Tue Dec 19 00:03:17 GMT 2023","1","tests","test_network_parameters","TestNetworkPrefix","","","test_address_prefix[Test for Kusama Bridge Hub]",""
"broken","Tue Dec 19 00:03:33 GMT 2023","Tue Dec 19 00:03:33 GMT 2023","0","tests","test_network_parameters","TestChainId","","","test_chainId[Test for DAO IPCI]",""
"passed","Tue Dec 19 00:07:03 GMT 2023","Tue Dec 19 00:07:03 GMT 2023","0","tests","test_nodes_availability","","","","test_can_create_connection[Test for GIANT, url: wss://rpc-anchor-1-giant-mainnet-ue1.giantprotocol.org:443]",""
"passed","Tue Dec 19 00:01:50 GMT 2023","Tue Dec 19 00:01:50 GMT 2023","546","tests","test_eth_nodes_availability","TestETHNodesAvailability","","","test_rpc_node_is_synced[Test for Ethereum, url: https://eth-pokt.nodies.app]",""
"passed","Tue Dec 19 00:03:36 GMT 2023","Tue Dec 19 00:03:36 GMT 2023","0","tests","test_network_parameters","TestPrecision","","","test_precision[Test for Polkadot Collectives]",""
"passed","Tue Dec 19 00:03:33 GMT 2023","Tue Dec 19 00:03:33 GMT 2023","0","tests","test_nodes_availability","","","","test_can_create_connection[Test for Centrifuge Parachain, url: wss://fullnode.parachain.centrifuge.io]",""
"passed","Tue Dec 19 00:02:38 GMT 2023","Tue Dec 19 00:02:38 GMT 2023","693","tests","test_check_new_assets","TestAssets","","","test_has_new_assets[Test for HydraDX]",""
"passed","Tue Dec 19 00:02:46 GMT 2023","Tue Dec 19 00:02:46 GMT 2023","0","tests","test_nodes_availability","","","","test_can_create_connection[Test for QUARTZ, url: wss://us-ws-quartz.unique.network]",""
"passed","Tue Dec 19 00:02:58 GMT 2023","Tue Dec 19 00:02:59 GMT 2023","785","tests","test_check_new_assets","TestAssets","","","test_has_new_assets[Test for XX network]",""
"passed","Tue Dec 19 00:03:59 GMT 2023","Tue Dec 19 00:03:59 GMT 2023","0","tests","test_nodes_availability","","","","test_can_create_connection[Test for Composable Finance, url: wss://rpc.composable.finance]",""
"passed","Tue Dec 19 00:02:33 GMT 2023","Tue Dec 19 00:02:33 GMT 2023","0","tests","test_nodes_availability","","","","test_can_create_connection[Test for KILT, url: wss://spiritnet.kilt.io/]",""
