"Status","Start Time","Stop Time","Duration in ms","Parent Suite","Suite","Sub Suite","Test Class","Test Method","Name","Description"
"broken","Wed Apr 24 04:01:47 GMT 2024","Wed Apr 24 04:01:47 GMT 2024","0","tests","test_network_parameters","TestChainId","","","test_chainId[Test for Altair]",""
"passed","Wed Apr 24 04:01:52 GMT 2024","Wed Apr 24 04:01:52 GMT 2024","6","tests","test_check_new_assets","TestAssets","","","test_has_new_assets[Test for Composable Finance]",""
"passed","Wed Apr 24 04:05:40 GMT 2024","Wed Apr 24 04:05:40 GMT 2024","0","tests","test_nodes_availability","","","","test_can_create_connection[Test for Centrifuge Parachain, url: wss://fullnode.parachain.centrifuge.io]",""
"broken","Wed Apr 24 04:06:09 GMT 2024","Wed Apr 24 04:06:09 GMT 2024","0","tests","test_nodes_availability","","","","test_can_create_connection[Test for Polkadex, url: wss://polkadex.api.onfinality.io/public-ws]",""
"passed","Wed Apr 24 04:02:27 GMT 2024","Wed Apr 24 04:02:27 GMT 2024","0","tests","test_nodes_availability","","","","test_can_create_connection[Test for Moonriver, url: wss://moonriver.public.blastapi.io]",""
"passed","Wed Apr 24 04:02:52 GMT 2024","Wed Apr 24 04:02:52 GMT 2024","0","tests","test_nodes_availability","","","","test_can_create_connection[Test for Robonomics, url: wss://kusama.rpc.robonomics.network/]",""
"broken","Wed Apr 24 04:03:52 GMT 2024","Wed Apr 24 04:03:52 GMT 2024","0","tests","test_nodes_availability","","","","test_can_create_connection[Test for KILT, url: wss://spiritnet.api.onfinality.io/public-ws]",""
"passed","Wed Apr 24 04:01:52 GMT 2024","Wed Apr 24 04:01:52 GMT 2024","48","tests","test_check_new_assets","TestAssets","","","test_has_new_assets[Test for Interlay]",""
"passed","Wed Apr 24 04:01:13 GMT 2024","Wed Apr 24 04:01:13 GMT 2024","338","tests","test_eth_nodes_availability","TestETHNodesAvailability","","","test_rpc_node_work_fast[Test for Ethereum, url: https://eth-mainnet.public.blastapi.io]",""
"passed","Wed Apr 24 04:04:28 GMT 2024","Wed Apr 24 04:04:28 GMT 2024","0","tests","test_nodes_availability","","","","test_can_create_connection[Test for Bit.Country Pioneer, url: wss://pioneer-rpc-1.bit.country/wss]",""
"passed","Wed Apr 24 04:01:23 GMT 2024","Wed Apr 24 04:01:23 GMT 2024","0","tests","test_network_parameters","TestPrecision","","","test_precision[Test for Bifrost Kusama]",""
"passed","Wed Apr 24 04:02:45 GMT 2024","Wed Apr 24 04:02:45 GMT 2024","0","tests","test_network_parameters","TestChainId","","","test_chainId[Test for Bajun]",""
"passed","Wed Apr 24 04:03:12 GMT 2024","Wed Apr 24 04:03:12 GMT 2024","0","tests","test_network_parameters","TestNetworkPrefix","","","test_address_prefix[Test for Crab]",""
"passed","Wed Apr 24 04:01:13 GMT 2024","Wed Apr 24 04:01:14 GMT 2024","762","tests","test_eth_nodes_availability","TestETHNodesAvailability","","","test_rpc_node_is_synced[Test for Ethereum, url: https://eth-mainnet.public.blastapi.io]",""
"passed","Wed Apr 24 04:02:10 GMT 2024","Wed Apr 24 04:02:10 GMT 2024","0","tests","test_network_parameters","TestChainId","","","test_chainId[Test for Khala]",""
"passed","Wed Apr 24 04:01:22 GMT 2024","Wed Apr 24 04:01:22 GMT 2024","0","tests","test_network_parameters","TestChainId","","","test_chainId[Test for Kusama Asset Hub]",""
"passed","Wed Apr 24 04:02:12 GMT 2024","Wed Apr 24 04:02:12 GMT 2024","0","tests","test_network_parameters","TestNetworkPrefix","","","test_address_prefix[Test for KILT]",""
"passed","Wed Apr 24 04:07:13 GMT 2024","Wed Apr 24 04:07:13 GMT 2024","0","tests","test_nodes_availability","","","","test_can_create_connection[Test for Energy Web X, url: wss://public-rpc.mainnet.energywebx.com/]",""
"passed","Wed Apr 24 04:01:13 GMT 2024","Wed Apr 24 04:01:13 GMT 2024","6","tests","test_check_new_assets","TestAssets","","","test_has_new_assets[Test for Kusama]",""
"passed","Wed Apr 24 04:02:34 GMT 2024","Wed Apr 24 04:02:34 GMT 2024","1","tests","test_network_parameters","TestPrecision","","","test_precision[Test for Kabocha]",""
"passed","Wed Apr 24 04:01:08 GMT 2024","Wed Apr 24 04:01:08 GMT 2024","0","tests","test_network_parameters","TestNetworkPrefix","","","test_address_prefix[Test for Moonbeam]",""
"passed","Wed Apr 24 04:01:19 GMT 2024","Wed Apr 24 04:01:19 GMT 2024","0","tests","test_network_parameters","TestNetworkPrefix","","","test_address_prefix[Test for Bifrost Kusama]",""
"passed","Wed Apr 24 04:03:20 GMT 2024","Wed Apr 24 04:03:20 GMT 2024","0","tests","test_nodes_availability","","","","test_can_create_connection[Test for Basilisk, url: wss://basilisk-rpc.dwellir.com]",""
"passed","Wed Apr 24 04:01:36 GMT 2024","Wed Apr 24 04:01:36 GMT 2024","1","tests","test_network_parameters","TestPrecision","","","test_precision[Test for Litmus]",""
"passed","Wed Apr 24 04:02:14 GMT 2024","Wed Apr 24 04:02:14 GMT 2024","0","tests","test_network_parameters","TestPrecision","","","test_precision[Test for Calamari]",""
"passed","Wed Apr 24 04:01:13 GMT 2024","Wed Apr 24 04:01:15 GMT 2024","1711","tests","test_eth_nodes_availability","TestETHNodesAvailability","","","test_rpc_node_is_synced[Test for Ethereum, url: https://api.securerpc.com/v1]",""
"passed","Wed Apr 24 04:02:41 GMT 2024","Wed Apr 24 04:02:41 GMT 2024","6","tests","test_check_new_assets","TestAssets","","","test_has_new_assets[Test for Amplitude]",""
"passed","Wed Apr 24 04:03:26 GMT 2024","Wed Apr 24 04:03:26 GMT 2024","0","tests","test_network_parameters","TestPrecision","","","test_precision[Test for Enjin Relay]",""
"passed","Wed Apr 24 04:04:33 GMT 2024","Wed Apr 24 04:04:33 GMT 2024","0","tests","test_nodes_availability","","","","test_can_create_connection[Test for Bit.Country Pioneer, url: wss://pioneer-rpc-2.bit.country/wss]",""
"passed","Wed Apr 24 04:02:56 GMT 2024","Wed Apr 24 04:02:56 GMT 2024","1","tests","test_network_parameters","TestNetworkPrefix","","","test_address_prefix[Test for Turing]",""
"passed","Wed Apr 24 04:03:08 GMT 2024","Wed Apr 24 04:03:08 GMT 2024","0","tests","test_network_parameters","TestPrecision","","","test_precision[Test for Crab]",""
"passed","Wed Apr 24 04:02:29 GMT 2024","Wed Apr 24 04:02:29 GMT 2024","0","tests","test_network_parameters","TestPrecision","","","test_precision[Test for UNIQUE]",""
"passed","Wed Apr 24 04:03:09 GMT 2024","Wed Apr 24 04:03:09 GMT 2024","10","tests","test_check_new_assets","TestAssets","","","test_has_new_assets[Test for Darwinia]",""
"passed","Wed Apr 24 04:02:31 GMT 2024","Wed Apr 24 04:02:31 GMT 2024","0","tests","test_network_parameters","TestChainId","","","test_chainId[Test for Litentry]",""
"passed","Wed Apr 24 04:01:47 GMT 2024","Wed Apr 24 04:01:47 GMT 2024","6","tests","test_check_new_assets","TestAssets","","","test_has_new_assets[Test for Centrifuge Parachain]",""
"passed","Wed Apr 24 04:03:25 GMT 2024","Wed Apr 24 04:03:25 GMT 2024","0","tests","test_network_parameters","TestChainId","","","test_chainId[Test for Polkadot Collectives]",""
"broken","Wed Apr 24 04:01:20 GMT 2024","Wed Apr 24 04:01:20 GMT 2024","0","tests","test_nodes_availability","","","","test_can_create_connection[Test for Polkadot, url: wss://api-polkadot-full.dwellir.com/{DWELLIR_API_KEY}]",""
"passed","Wed Apr 24 04:02:09 GMT 2024","Wed Apr 24 04:02:09 GMT 2024","0","tests","test_network_parameters","TestNetworkPrefix","","","test_address_prefix[Test for Khala]",""
"passed","Wed Apr 24 04:01:33 GMT 2024","Wed Apr 24 04:01:33 GMT 2024","0","tests","test_network_parameters","TestNetworkPrefix","","","test_address_prefix[Test for Robonomics]",""
"passed","Wed Apr 24 04:02:12 GMT 2024","Wed Apr 24 04:02:12 GMT 2024","0","tests","test_nodes_availability","","","","test_can_create_connection[Test for Kusama, url: wss://kusama.api.onfinality.io/public-ws]",""
"passed","Wed Apr 24 04:03:04 GMT 2024","Wed Apr 24 04:03:04 GMT 2024","0","tests","test_network_parameters","TestPrecision","","","test_precision[Test for GIANT]",""
"passed","Wed Apr 24 04:02:19 GMT 2024","Wed Apr 24 04:02:19 GMT 2024","6","tests","test_check_new_assets","TestAssets","","","test_has_new_assets[Test for CLV Parachain]",""
"passed","Wed Apr 24 04:03:28 GMT 2024","Wed Apr 24 04:03:28 GMT 2024","0","tests","test_network_parameters","TestChainId","","","test_chainId[Test for Enjin Matrix]",""
"passed","Wed Apr 24 04:04:30 GMT 2024","Wed Apr 24 04:04:30 GMT 2024","0","tests","test_nodes_availability","","","","test_can_create_connection[Test for Crust Shadow, url: wss://rpc2-shadow.crust.network/]",""
"broken","Wed Apr 24 04:03:48 GMT 2024","Wed Apr 24 04:03:48 GMT 2024","0","tests","test_network_parameters","TestChainId","","","test_chainId[Test for Darwinia]",""
"passed","Wed Apr 24 04:03:04 GMT 2024","Wed Apr 24 04:03:04 GMT 2024","10","tests","test_check_new_assets","TestAssets","","","test_has_new_assets[Test for Crab]",""
"passed","Wed Apr 24 04:02:03 GMT 2024","Wed Apr 24 04:02:03 GMT 2024","0","tests","test_nodes_availability","","","","test_can_create_connection[Test for Khala, url: wss://khala-rpc.dwellir.com]",""
"passed","Wed Apr 24 04:03:11 GMT 2024","Wed Apr 24 04:03:11 GMT 2024","1","tests","test_network_parameters","TestNetworkPrefix","","","test_address_prefix[Test for Vara]",""
"passed","Wed Apr 24 04:01:30 GMT 2024","Wed Apr 24 04:01:30 GMT 2024","0","tests","test_network_parameters","TestNetworkPrefix","","","test_address_prefix[Test for Polkadot Asset Hub]",""
"passed","Wed Apr 24 04:04:17 GMT 2024","Wed Apr 24 04:04:17 GMT 2024","0","tests","test_nodes_availability","","","","test_can_create_connection[Test for QUARTZ, url: wss://us-ws-quartz.unique.network]",""
"passed","Wed Apr 24 04:05:24 GMT 2024","Wed Apr 24 04:05:24 GMT 2024","0","tests","test_nodes_availability","","","","test_can_create_connection[Test for Turing, url: wss://turing-rpc.dwellir.com]",""
"passed","Wed Apr 24 04:02:59 GMT 2024","Wed Apr 24 04:02:59 GMT 2024","6","tests","test_check_new_assets","TestAssets","","","test_has_new_assets[Test for 3DPass]",""
"passed","Wed Apr 24 04:01:51 GMT 2024","Wed Apr 24 04:01:51 GMT 2024","0","tests","test_network_parameters","TestNetworkPrefix","","","test_address_prefix[Test for Interlay]",""
"passed","Wed Apr 24 04:02:58 GMT 2024","Wed Apr 24 04:02:58 GMT 2024","0","tests","test_network_parameters","TestChainId","","","test_chainId[Test for XX network]",""
"passed","Wed Apr 24 04:02:29 GMT 2024","Wed Apr 24 04:02:29 GMT 2024","0","tests","test_network_parameters","TestNetworkPrefix","","","test_address_prefix[Test for Subsocial]",""
"passed","Wed Apr 24 04:06:42 GMT 2024","Wed Apr 24 04:06:42 GMT 2024","0","tests","test_nodes_availability","","","","test_can_create_connection[Test for Crab, url: wss://crab-rpc.darwiniacommunitydao.xyz]",""
"passed","Wed Apr 24 04:02:53 GMT 2024","Wed Apr 24 04:02:53 GMT 2024","0","tests","test_network_parameters","TestNetworkPrefix","","","test_address_prefix[Test for Phala]",""
"passed","Wed Apr 24 04:03:24 GMT 2024","Wed Apr 24 04:03:24 GMT 2024","6","tests","test_check_new_assets","TestAssets","","","test_has_new_assets[Test for Curio]",""
"passed","Wed Apr 24 04:01:48 GMT 2024","Wed Apr 24 04:01:48 GMT 2024","10","tests","test_check_new_assets","TestAssets","","","test_has_new_assets[Test for HydraDX]",""
"passed","Wed Apr 24 04:03:18 GMT 2024","Wed Apr 24 04:03:18 GMT 2024","9","tests","test_check_new_assets","TestAssets","","","test_has_new_assets[Test for Manta Atlantic]",""
"passed","Wed Apr 24 04:01:12 GMT 2024","Wed Apr 24 04:01:12 GMT 2024","0","tests","test_network_parameters","TestPrecision","","","test_precision[Test for Kusama]",""
"passed","Wed Apr 24 04:03:17 GMT 2024","Wed Apr 24 04:03:17 GMT 2024","0","tests","test_nodes_availability","","","","test_can_create_connection[Test for Parallel, url: wss://parallel-rpc.dwellir.com]",""
"passed","Wed Apr 24 04:02:54 GMT 2024","Wed Apr 24 04:02:54 GMT 2024","9","tests","test_check_new_assets","TestAssets","","","test_has_new_assets[Test for Bittensor]",""
"passed","Wed Apr 24 04:02:47 GMT 2024","Wed Apr 24 04:02:47 GMT 2024","0","tests","test_network_parameters","TestPrecision","","","test_precision[Test for DAO IPCI]",""
"passed","Wed Apr 24 04:03:33 GMT 2024","Wed Apr 24 04:03:33 GMT 2024","1","tests","test_network_parameters","TestChainId","","","test_chainId[Test for Energy Web X]",""
"passed","Wed Apr 24 04:01:54 GMT 2024","Wed Apr 24 04:01:54 GMT 2024","0","tests","test_network_parameters","TestChainId","","","test_chainId[Test for Crust Shadow]",""
"passed","Wed Apr 24 04:03:24 GMT 2024","Wed Apr 24 04:03:24 GMT 2024","0","tests","test_nodes_availability","","","","test_can_create_connection[Test for Polkadot Asset Hub, url: wss://sys.ibp.network/statemint]",""
"passed","Wed Apr 24 04:02:49 GMT 2024","Wed Apr 24 04:02:49 GMT 2024","0","tests","test_network_parameters","TestPrecision","","","test_precision[Test for Aventus]",""
"passed","Wed Apr 24 04:04:09 GMT 2024","Wed Apr 24 04:04:09 GMT 2024","1","tests","test_nodes_availability","","","","test_can_create_connection[Test for Calamari, url: wss://calamari.systems]",""
"passed","Wed Apr 24 04:03:07 GMT 2024","Wed Apr 24 04:03:07 GMT 2024","0","tests","test_network_parameters","TestNetworkPrefix","","","test_address_prefix[Test for NeuroWeb]",""
"broken","Wed Apr 24 04:05:52 GMT 2024","Wed Apr 24 04:05:52 GMT 2024","0","tests","test_nodes_availability","","","","test_can_create_connection[Test for Bajun, url: wss://bajun.api.onfinality.io/public-ws]",""
"passed","Wed Apr 24 04:03:08 GMT 2024","Wed Apr 24 04:03:08 GMT 2024","0","tests","test_network_parameters","TestPrecision","","","test_precision[Test for Vara]",""
"passed","Wed Apr 24 04:03:05 GMT 2024","Wed Apr 24 04:03:05 GMT 2024","0","tests","test_nodes_availability","","","","test_can_create_connection[Test for Kintsugi, url: wss://api-kusama.interlay.io/parachain]",""
"passed","Wed Apr 24 04:03:01 GMT 2024","Wed Apr 24 04:03:01 GMT 2024","1","tests","test_network_parameters","TestNetworkPrefix","","","test_address_prefix[Test for Ajuna]",""
"passed","Wed Apr 24 04:03:22 GMT 2024","Wed Apr 24 04:03:22 GMT 2024","0","tests","test_network_parameters","TestNetworkPrefix","","","test_address_prefix[Test for InvArch]",""
"passed","Wed Apr 24 04:03:10 GMT 2024","Wed Apr 24 04:03:10 GMT 2024","1","tests","test_network_parameters","TestPrecision","","","test_precision[Test for Frequency]",""
"passed","Wed Apr 24 04:01:34 GMT 2024","Wed Apr 24 04:01:34 GMT 2024","23","tests","test_check_new_assets","TestAssets","","","test_has_new_assets[Test for Acala]",""
"passed","Wed Apr 24 04:02:08 GMT 2024","Wed Apr 24 04:02:08 GMT 2024","0","tests","test_network_parameters","TestNetworkPrefix","","","test_address_prefix[Test for Composable Finance]",""
"passed","Wed Apr 24 04:03:04 GMT 2024","Wed Apr 24 04:03:04 GMT 2024","5","tests","test_check_new_assets","TestAssets","","","test_has_new_assets[Test for Polkadot Collectives]",""
"passed","Wed Apr 24 04:04:23 GMT 2024","Wed Apr 24 04:04:23 GMT 2024","0","tests","test_nodes_availability","","","","test_can_create_connection[Test for QUARTZ, url: wss://asia-ws-quartz.unique.network]",""
"passed","Wed Apr 24 04:01:59 GMT 2024","Wed Apr 24 04:01:59 GMT 2024","0","tests","test_nodes_availability","","","","test_can_create_connection[Test for Kusama, url: wss://1rpc.io/ksm]",""
"passed","Wed Apr 24 04:02:05 GMT 2024","Wed Apr 24 04:02:05 GMT 2024","0","tests","test_nodes_availability","","","","test_can_create_connection[Test for Moonbeam, url: wss://wss.api.moonbeam.network]",""
"passed","Wed Apr 24 04:04:23 GMT 2024","Wed Apr 24 04:04:23 GMT 2024","0","tests","test_nodes_availability","","","","test_can_create_connection[Test for Subsocial, url: wss://para.f3joule.space]",""
"passed","Wed Apr 24 04:03:46 GMT 2024","Wed Apr 24 04:03:46 GMT 2024","0","tests","test_network_parameters","TestChainId","","","test_chainId[Test for Enjin Relay]",""
"passed","Wed Apr 24 04:01:32 GMT 2024","Wed Apr 24 04:01:32 GMT 2024","6","tests","test_check_new_assets","TestAssets","","","test_has_new_assets[Test for Litmus]",""
"passed","Wed Apr 24 04:02:53 GMT 2024","Wed Apr 24 04:02:53 GMT 2024","0","tests","test_nodes_availability","","","","test_can_create_connection[Test for Acala, url: wss://acala.polkawallet.io]",""
"broken","Wed Apr 24 04:06:56 GMT 2024","Wed Apr 24 04:06:56 GMT 2024","0","tests","test_nodes_availability","","","","test_can_create_connection[Test for Ajuna, url: wss://rpc-parachain.ajuna.network]",""
"passed","Wed Apr 24 04:03:20 GMT 2024","Wed Apr 24 04:03:20 GMT 2024","8","tests","test_check_new_assets","TestAssets","","","test_has_new_assets[Test for Enjin Matrix]",""
"passed","Wed Apr 24 04:02:54 GMT 2024","Wed Apr 24 04:02:54 GMT 2024","0","tests","test_network_parameters","TestPrecision","","","test_precision[Test for Crust Polkadot Parachain]",""
"passed","Wed Apr 24 04:02:26 GMT 2024","Wed Apr 24 04:02:26 GMT 2024","0","tests","test_nodes_availability","","","","test_can_create_connection[Test for Westend, url: wss://westend.public.curie.radiumblock.co/ws]",""
"passed","Wed Apr 24 04:03:14 GMT 2024","Wed Apr 24 04:03:14 GMT 2024","8","tests","test_check_new_assets","TestAssets","","","test_has_new_assets[Test for Polimec]",""
"passed","Wed Apr 24 04:04:11 GMT 2024","Wed Apr 24 04:04:11 GMT 2024","1","tests","test_nodes_availability","","","","test_can_create_connection[Test for QUARTZ, url: wss://quartz.unique.network]",""
"passed","Wed Apr 24 04:01:27 GMT 2024","Wed Apr 24 04:01:27 GMT 2024","0","tests","test_network_parameters","TestNetworkPrefix","","","test_address_prefix[Test for CLV Parachain]",""
"passed","Wed Apr 24 04:02:43 GMT 2024","Wed Apr 24 04:02:43 GMT 2024","0","tests","test_nodes_availability","","","","test_can_create_connection[Test for Acala, url: wss://acala-rpc-2.aca-api.network/ws]",""
"passed","Wed Apr 24 04:07:27 GMT 2024","Wed Apr 24 04:07:27 GMT 2024","1","tests","test_nodes_availability","","","","test_can_create_connection[Test for Curio, url: wss://archive.parachain.curioinvest.com]",""
"passed","Wed Apr 24 04:03:26 GMT 2024","Wed Apr 24 04:03:26 GMT 2024","0","tests","test_network_parameters","TestChainId","","","test_chainId[Test for NeuroWeb]",""
"passed","Wed Apr 24 04:02:46 GMT 2024","Wed Apr 24 04:02:46 GMT 2024","6","tests","test_check_new_assets","TestAssets","","","test_has_new_assets[Test for Polymesh]",""
"passed","Wed Apr 24 04:01:55 GMT 2024","Wed Apr 24 04:01:55 GMT 2024","0","tests","test_network_parameters","TestNetworkPrefix","","","test_address_prefix[Test for Acala]",""
"passed","Wed Apr 24 04:03:13 GMT 2024","Wed Apr 24 04:03:13 GMT 2024","0","tests","test_network_parameters","TestChainId","","","test_chainId[Test for Phala]",""
"passed","Wed Apr 24 04:02:37 GMT 2024","Wed Apr 24 04:02:37 GMT 2024","0","tests","test_network_parameters","TestPrecision","","","test_precision[Test for Bajun]",""
"passed","Wed Apr 24 04:01:13 GMT 2024","Wed Apr 24 04:01:13 GMT 2024","0","tests","test_network_parameters","TestNetworkPrefix","","","test_address_prefix[Test for Shiden]",""
"passed","Wed Apr 24 04:02:33 GMT 2024","Wed Apr 24 04:02:33 GMT 2024","0","tests","test_network_parameters","TestNetworkPrefix","","","test_address_prefix[Test for Mangata X]",""
"passed","Wed Apr 24 04:01:17 GMT 2024","Wed Apr 24 04:01:17 GMT 2024","0","tests","test_network_parameters","TestPrecision","","","test_precision[Test for Kusama Asset Hub]",""
"passed","Wed Apr 24 04:01:48 GMT 2024","Wed Apr 24 04:01:48 GMT 2024","6","tests","test_check_new_assets","TestAssets","","","test_has_new_assets[Test for Aleph Zero]",""
"passed","Wed Apr 24 04:04:39 GMT 2024","Wed Apr 24 04:04:39 GMT 2024","0","tests","test_nodes_availability","","","","test_can_create_connection[Test for Bit.Country Pioneer, url: wss://pioneer-rpc-3.bit.country/wss]",""
"passed","Wed Apr 24 04:05:02 GMT 2024","Wed Apr 24 04:05:02 GMT 2024","0","tests","test_nodes_availability","","","","test_can_create_connection[Test for Mangata X, url: wss://kusama-archive.mangata.online]",""
"passed","Wed Apr 24 04:03:24 GMT 2024","Wed Apr 24 04:03:24 GMT 2024","1","tests","test_network_parameters","TestPrecision","","","test_precision[Test for InvArch]",""
"passed","Wed Apr 24 04:07:19 GMT 2024","Wed Apr 24 04:07:19 GMT 2024","0","tests","test_nodes_availability","","","","test_can_create_connection[Test for Enjin Matrix, url: wss://enjin-matrix-rpc-1.dwellir.com]",""
"passed","Wed Apr 24 04:02:35 GMT 2024","Wed Apr 24 04:02:35 GMT 2024","6","tests","test_check_new_assets","TestAssets","","","test_has_new_assets[Test for Kabocha]",""
"passed","Wed Apr 24 04:07:00 GMT 2024","Wed Apr 24 04:07:00 GMT 2024","0","tests","test_nodes_availability","","","","test_can_create_connection[Test for Polkadot Collectives, url: wss://collectives.public.curie.radiumblock.co/ws]",""
"passed","Wed Apr 24 04:02:41 GMT 2024","Wed Apr 24 04:02:41 GMT 2024","0","tests","test_network_parameters","TestNetworkPrefix","","","test_address_prefix[Test for Centrifuge Parachain]",""
"passed","Wed Apr 24 04:02:52 GMT 2024","Wed Apr 24 04:02:52 GMT 2024","10","tests","test_check_new_assets","TestAssets","","","test_has_new_assets[Test for Pendulum]",""
"passed","Wed Apr 24 04:02:13 GMT 2024","Wed Apr 24 04:02:13 GMT 2024","0","tests","test_nodes_availability","","","","test_can_create_connection[Test for Bifrost Kusama, url: wss://bifrost-rpc.liebi.com/ws]",""
"passed","Wed Apr 24 04:06:41 GMT 2024","Wed Apr 24 04:06:41 GMT 2024","0","tests","test_nodes_availability","","","","test_can_create_connection[Test for Hashed Network, url: wss://c2.hashed.network]",""
"broken","Wed Apr 24 04:01:48 GMT 2024","Wed Apr 24 04:01:48 GMT 2024","0","tests","test_nodes_availability","","","","test_can_create_connection[Test for Karura, url: wss://karura.api.onfinality.io/public-ws]",""
"passed","Wed Apr 24 04:02:25 GMT 2024","Wed Apr 24 04:02:25 GMT 2024","1","tests","test_network_parameters","TestNetworkPrefix","","","test_address_prefix[Test for Litmus]",""
"passed","Wed Apr 24 04:03:13 GMT 2024","Wed Apr 24 04:03:13 GMT 2024","8","tests","test_check_new_assets","TestAssets","","","test_has_new_assets[Test for Joystream]",""
"passed","Wed Apr 24 04:03:36 GMT 2024","Wed Apr 24 04:03:36 GMT 2024","0","tests","test_nodes_availability","","","","test_can_create_connection[Test for Interlay, url: wss://interlay-rpc.dwellir.com]",""
"passed","Wed Apr 24 04:03:31 GMT 2024","Wed Apr 24 04:03:31 GMT 2024","0","tests","test_network_parameters","TestChainId","","","test_chainId[Test for Dock]",""
"passed","Wed Apr 24 04:01:15 GMT 2024","Wed Apr 24 04:01:15 GMT 2024","1","tests","test_network_parameters","TestChainId","","","test_chainId[Test for Kusama]",""
"passed","Wed Apr 24 04:02:57 GMT 2024","Wed Apr 24 04:02:57 GMT 2024","0","tests","test_network_parameters","TestNetworkPrefix","","","test_address_prefix[Test for XX network]",""
"passed","Wed Apr 24 04:02:55 GMT 2024","Wed Apr 24 04:02:55 GMT 2024","1","tests","test_network_parameters","TestPrecision","","","test_precision[Test for Bittensor]",""
"passed","Wed Apr 24 04:02:47 GMT 2024","Wed Apr 24 04:02:47 GMT 2024","0","tests","test_network_parameters","TestChainId","","","test_chainId[Test for Amplitude]",""
"passed","Wed Apr 24 04:01:09 GMT 2024","Wed Apr 24 04:01:09 GMT 2024","0","tests","test_nodes_availability","","","","test_can_create_connection[Test for Kusama, url: wss://rpc.dotters.network/kusama]",""
"passed","Wed Apr 24 04:03:18 GMT 2024","Wed Apr 24 04:03:18 GMT 2024","0","tests","test_network_parameters","TestNetworkPrefix","","","test_address_prefix[Test for Joystream]",""
"passed","Wed Apr 24 04:07:27 GMT 2024","Wed Apr 24 04:07:27 GMT 2024","0","tests","test_nodes_availability","","","","test_can_create_connection[Test for Curio, url: wss://parachain.curioinvest.com/]",""
"passed","Wed Apr 24 04:03:07 GMT 2024","Wed Apr 24 04:03:07 GMT 2024","0","tests","test_nodes_availability","","","","test_can_create_connection[Test for Astar, url: wss://astar.public.curie.radiumblock.co/ws]",""
"passed","Wed Apr 24 04:02:14 GMT 2024","Wed Apr 24 04:02:14 GMT 2024","0","tests","test_network_parameters","TestChainId","","","test_chainId[Test for KILT]",""
"passed","Wed Apr 24 04:01:34 GMT 2024","Wed Apr 24 04:01:34 GMT 2024","5","tests","test_check_new_assets","TestAssets","","","test_has_new_assets[Test for Subsocial]",""
"passed","Wed Apr 24 04:02:25 GMT 2024","Wed Apr 24 04:02:25 GMT 2024","6","tests","test_check_new_assets","TestAssets","","","test_has_new_assets[Test for Bifrost Polkadot]",""
"passed","Wed Apr 24 04:01:56 GMT 2024","Wed Apr 24 04:01:56 GMT 2024","0","tests","test_network_parameters","TestPrecision","","","test_precision[Test for HydraDX]",""
"passed","Wed Apr 24 04:02:36 GMT 2024","Wed Apr 24 04:02:36 GMT 2024","0","tests","test_nodes_availability","","","","test_can_create_connection[Test for Kusama Asset Hub, url: wss://sys.dotters.network/statemine]",""
"passed","Wed Apr 24 04:03:08 GMT 2024","Wed Apr 24 04:03:08 GMT 2024","0","tests","test_nodes_availability","","","","test_can_create_connection[Test for KILT, url: wss://kilt-rpc.dwellir.com]",""
"passed","Wed Apr 24 04:01:32 GMT 2024","Wed Apr 24 04:01:32 GMT 2024","0","tests","test_network_parameters","TestChainId","","","test_chainId[Test for Zeitgeist]",""
"broken","Wed Apr 24 04:02:32 GMT 2024","Wed Apr 24 04:02:32 GMT 2024","0","tests","test_check_new_assets","TestAssets","","","test_has_new_assets[Test for Nodle Parachain]",""
"passed","Wed Apr 24 04:02:21 GMT 2024","Wed Apr 24 04:02:21 GMT 2024","0","tests","test_network_parameters","TestPrecision","","","test_precision[Test for Bifrost Polkadot]",""
"passed","Wed Apr 24 04:03:14 GMT 2024","Wed Apr 24 04:03:14 GMT 2024","0","tests","test_nodes_availability","","","","test_can_create_connection[Test for Picasso, url: wss://rpc.composablenodes.tech]",""
"passed","Wed Apr 24 04:01:58 GMT 2024","Wed Apr 24 04:01:58 GMT 2024","0","tests","test_network_parameters","TestChainId","","","test_chainId[Test for Integritee Parachain]",""
"passed","Wed Apr 24 04:02:06 GMT 2024","Wed Apr 24 04:02:06 GMT 2024","0","tests","test_network_parameters","TestPrecision","","","test_precision[Test for Khala]",""
"broken","Wed Apr 24 04:01:46 GMT 2024","Wed Apr 24 04:01:46 GMT 2024","0","tests","test_check_new_assets","TestAssets","","","test_has_new_assets[Test for Altair]",""
"broken","Wed Apr 24 04:03:58 GMT 2024","Wed Apr 24 04:03:58 GMT 2024","0","tests","test_nodes_availability","","","","test_can_create_connection[Test for Zeitgeist, url: wss://zeitgeist.api.onfinality.io/public-ws]",""
"passed","Wed Apr 24 04:05:08 GMT 2024","Wed Apr 24 04:05:08 GMT 2024","1","tests","test_nodes_availability","","","","test_can_create_connection[Test for Bajun, url: wss://rpc-parachain.bajun.network]",""
"broken","Wed Apr 24 04:01:50 GMT 2024","Wed Apr 24 04:01:50 GMT 2024","0","tests","test_nodes_availability","","","","test_can_create_connection[Test for Kusama, url: wss://kusama.public.curie.radiumblock.co/ws]",""
"passed","Wed Apr 24 04:02:17 GMT 2024","Wed Apr 24 04:02:17 GMT 2024","0","tests","test_nodes_availability","","","","test_can_create_connection[Test for Bifrost Kusama, url: wss://bifrost-rpc.dwellir.com]",""
"passed","Wed Apr 24 04:03:31 GMT 2024","Wed Apr 24 04:03:31 GMT 2024","0","tests","test_network_parameters","TestChainId","","","test_chainId[Test for Joystream]",""
"passed","Wed Apr 24 04:02:36 GMT 2024","Wed Apr 24 04:02:36 GMT 2024","0","tests","test_nodes_availability","","","","test_can_create_connection[Test for Moonriver, url: wss://moonriver-rpc.dwellir.com]",""
"broken","Wed Apr 24 04:01:58 GMT 2024","Wed Apr 24 04:01:58 GMT 2024","0","tests","test_network_parameters","TestPrecision","","","test_precision[Test for Karura]",""
"passed","Wed Apr 24 04:02:04 GMT 2024","Wed Apr 24 04:02:04 GMT 2024","6","tests","test_check_new_assets","TestAssets","","","test_has_new_assets[Test for Parallel Heiko]",""
"passed","Wed Apr 24 04:02:23 GMT 2024","Wed Apr 24 04:02:23 GMT 2024","0","tests","test_network_parameters","TestPrecision","","","test_precision[Test for Robonomics]",""
"passed","Wed Apr 24 04:05:28 GMT 2024","Wed Apr 24 04:05:28 GMT 2024","0","tests","test_nodes_availability","","","","test_can_create_connection[Test for Composable Finance, url: wss://rpc.composable.finance]",""
"broken","Wed Apr 24 04:04:00 GMT 2024","Wed Apr 24 04:04:00 GMT 2024","0","tests","test_nodes_availability","","","","test_can_create_connection[Test for Altair, url: wss://altair.api.onfinality.io/public-ws]",""
"passed","Wed Apr 24 04:06:11 GMT 2024","Wed Apr 24 04:06:11 GMT 2024","0","tests","test_nodes_availability","","","","test_can_create_connection[Test for Myriad, url: wss://gateway.mainnet.octopus.network/myriad/a4cb0a6e30ff5233a3567eb4e8cb71e0]",""
"passed","Wed Apr 24 04:02:03 GMT 2024","Wed Apr 24 04:02:03 GMT 2024","0","tests","test_network_parameters","TestNetworkPrefix","","","test_address_prefix[Test for Aleph Zero]",""
"passed","Wed Apr 24 04:02:03 GMT 2024","Wed Apr 24 04:02:03 GMT 2024","0","tests","test_network_parameters","TestPrecision","","","test_precision[Test for Parallel Heiko]",""
"broken","Wed Apr 24 04:02:32 GMT 2024","Wed Apr 24 04:02:32 GMT 2024","0","tests","test_check_new_assets","TestAssets","","","test_has_new_assets[Test for Polkadex]",""
"passed","Wed Apr 24 04:02:39 GMT 2024","Wed Apr 24 04:02:39 GMT 2024","0","tests","test_network_parameters","TestPrecision","","","test_precision[Test for Imbue]",""
"broken","Wed Apr 24 04:06:39 GMT 2024","Wed Apr 24 04:06:39 GMT 2024","0","tests","test_nodes_availability","","","","test_can_create_connection[Test for Hashed Network, url: wss://c3.hashed.live]",""
"passed","Wed Apr 24 04:03:01 GMT 2024","Wed Apr 24 04:03:01 GMT 2024","1","tests","test_network_parameters","TestPrecision","","","test_precision[Test for Phala]",""
"passed","Wed Apr 24 04:02:26 GMT 2024","Wed Apr 24 04:02:26 GMT 2024","0","tests","test_network_parameters","TestChainId","","","test_chainId[Test for Bifrost Polkadot]",""
"passed","Wed Apr 24 04:03:23 GMT 2024","Wed Apr 24 04:03:23 GMT 2024","0","tests","test_nodes_availability","","","","test_can_create_connection[Test for CLV Parachain, url: wss://rpc-para.clover.finance]",""
"passed","Wed Apr 24 04:07:04 GMT 2024","Wed Apr 24 04:07:04 GMT 2024","0","tests","test_nodes_availability","","","","test_can_create_connection[Test for Enjin Matrix, url: wss://rpc.matrix.blockchain.enjin.io]",""
"passed","Wed Apr 24 04:02:23 GMT 2024","Wed Apr 24 04:02:23 GMT 2024","6","tests","test_check_new_assets","TestAssets","","","test_has_new_assets[Test for Robonomics]",""
"passed","Wed Apr 24 04:01:35 GMT 2024","Wed Apr 24 04:01:35 GMT 2024","1","tests","test_network_parameters","TestNetworkPrefix","","","test_address_prefix[Test for Encointer]",""
"passed","Wed Apr 24 04:03:28 GMT 2024","Wed Apr 24 04:03:28 GMT 2024","0","tests","test_network_parameters","TestPrecision","","","test_precision[Test for Energy Web X]",""
"passed","Wed Apr 24 04:06:29 GMT 2024","Wed Apr 24 04:06:29 GMT 2024","0","tests","test_nodes_availability","","","","test_can_create_connection[Test for Pendulum, url: wss://rpc-pendulum.prd.pendulumchain.tech]",""
"passed","Wed Apr 24 04:06:26 GMT 2024","Wed Apr 24 04:06:26 GMT 2024","0","tests","test_nodes_availability","","","","test_can_create_connection[Test for XX network, url: wss://rpc-do.xx.network]",""
"passed","Wed Apr 24 04:02:08 GMT 2024","Wed Apr 24 04:02:08 GMT 2024","1","tests","test_network_parameters","TestChainId","","","test_chainId[Test for HydraDX]",""
"passed","Wed Apr 24 04:01:06 GMT 2024","Wed Apr 24 04:01:06 GMT 2024","0","tests","test_network_parameters","TestPrecision","","","test_precision[Test for QUARTZ]",""
"passed","Wed Apr 24 04:02:46 GMT 2024","Wed Apr 24 04:02:46 GMT 2024","0","tests","test_network_parameters","TestNetworkPrefix","","","test_address_prefix[Test for Tinkernet]",""
"passed","Wed Apr 24 04:02:17 GMT 2024","Wed Apr 24 04:02:17 GMT 2024","0","tests","test_network_parameters","TestChainId","","","test_chainId[Test for Calamari]",""
"passed","Wed Apr 24 04:01:12 GMT 2024","Wed Apr 24 04:01:13 GMT 2024","304","tests","test_eth_nodes_availability","TestETHNodesAvailability","","","test_rpc_node_work_fast[Test for Ethereum, url: https://rpc.ankr.com/eth]",""
"passed","Wed Apr 24 04:03:29 GMT 2024","Wed Apr 24 04:03:29 GMT 2024","0","tests","test_network_parameters","TestNetworkPrefix","","","test_address_prefix[Test for Continuum]",""
"passed","Wed Apr 24 04:02:32 GMT 2024","Wed Apr 24 04:02:32 GMT 2024","0","tests","test_nodes_availability","","","","test_can_create_connection[Test for Westend, url: wss://westend.api.onfinality.io/public-ws]",""
"passed","Wed Apr 24 04:01:18 GMT 2024","Wed Apr 24 04:01:18 GMT 2024","0","tests","test_network_parameters","TestPrecision","","","test_precision[Test for Shiden]",""
"passed","Wed Apr 24 04:05:11 GMT 2024","Wed Apr 24 04:05:11 GMT 2024","0","tests","test_nodes_availability","","","","test_can_create_connection[Test for Bajun, url: wss://bajun.public.curie.radiumblock.co/ws]",""
"passed","Wed Apr 24 04:03:39 GMT 2024","Wed Apr 24 04:03:39 GMT 2024","0","tests","test_network_parameters","TestChainId","","","test_chainId[Test for Polimec]",""
"passed","Wed Apr 24 04:02:45 GMT 2024","Wed Apr 24 04:02:45 GMT 2024","7","tests","test_check_new_assets","TestAssets","","","test_has_new_assets[Test for Ternoa]",""
"passed","Wed Apr 24 04:05:06 GMT 2024","Wed Apr 24 04:05:06 GMT 2024","0","tests","test_nodes_availability","","","","test_can_create_connection[Test for Kabocha, url: wss://kabocha.jelliedowl.com]",""
"passed","Wed Apr 24 04:04:41 GMT 2024","Wed Apr 24 04:04:41 GMT 2024","0","tests","test_nodes_availability","","","","test_can_create_connection[Test for Acala, url: wss://rpc-acala.luckyfriday.io]",""
"broken","Wed Apr 24 04:07:12 GMT 2024","Wed Apr 24 04:07:12 GMT 2024","0","tests","test_nodes_availability","","","","test_can_create_connection[Test for krest, url: wss://wss-krest.peaq.network]",""
"passed","Wed Apr 24 04:02:49 GMT 2024","Wed Apr 24 04:02:49 GMT 2024","9","tests","test_check_new_assets","TestAssets","","","test_has_new_assets[Test for DAO IPCI]",""
"passed","Wed Apr 24 04:06:22 GMT 2024","Wed Apr 24 04:06:22 GMT 2024","0","tests","test_nodes_availability","","","","test_can_create_connection[Test for Polymesh, url: wss://mainnet-rpc.polymesh.network]",""
"passed","Wed Apr 24 04:02:46 GMT 2024","Wed Apr 24 04:02:46 GMT 2024","0","tests","test_nodes_availability","","","","test_can_create_connection[Test for Acala, url: wss://acala-rpc-3.aca-api.network/ws]",""
"passed","Wed Apr 24 04:02:34 GMT 2024","Wed Apr 24 04:02:34 GMT 2024","0","tests","test_network_parameters","TestChainId","","","test_chainId[Test for UNIQUE]",""
"passed","Wed Apr 24 04:02:10 GMT 2024","Wed Apr 24 04:02:10 GMT 2024","0","tests","test_network_parameters","TestPrecision","","","test_precision[Test for Astar]",""
"passed","Wed Apr 24 04:01:06 GMT 2024","Wed Apr 24 04:01:06 GMT 2024","1","tests","test_network_parameters","TestPrecision","","","test_precision[Test for Moonbeam]",""
"passed","Wed Apr 24 04:06:16 GMT 2024","Wed Apr 24 04:06:16 GMT 2024","1","tests","test_nodes_availability","","","","test_can_create_connection[Test for XX network, url: wss://xxnetwork-rpc.dwellir.com]",""
"passed","Wed Apr 24 04:03:39 GMT 2024","Wed Apr 24 04:03:39 GMT 2024","0","tests","test_nodes_availability","","","","test_can_create_connection[Test for Interlay, url: wss://rpc-interlay.luckyfriday.io/]",""
"passed","Wed Apr 24 04:06:13 GMT 2024","Wed Apr 24 04:06:13 GMT 2024","1","tests","test_nodes_availability","","","","test_can_create_connection[Test for Tinkernet, url: wss://tinkernet-rpc.dwellir.com]",""
"passed","Wed Apr 24 04:06:53 GMT 2024","Wed Apr 24 04:06:53 GMT 2024","0","tests","test_nodes_availability","","","","test_can_create_connection[Test for Kusama Bridge Hub, url: wss://sys.dotters.network/bridgehub-kusama]",""
"passed","Wed Apr 24 04:01:13 GMT 2024","Wed Apr 24 04:01:13 GMT 2024","367","tests","test_eth_nodes_availability","TestETHNodesAvailability","","","test_rpc_node_work_fast[Test for Ethereum, url: https://eth-pokt.nodies.app]",""
"passed","Wed Apr 24 04:03:14 GMT 2024","Wed Apr 24 04:03:14 GMT 2024","0","tests","test_nodes_availability","","","","test_can_create_connection[Test for Astar, url: wss://astar.api.onfinality.io/public-ws]",""
"passed","Wed Apr 24 04:05:20 GMT 2024","Wed Apr 24 04:05:20 GMT 2024","1","tests","test_nodes_availability","","","","test_can_create_connection[Test for Turing, url: wss://rpc.turing.oak.tech]",""
"passed","Wed Apr 24 04:02:35 GMT 2024","Wed Apr 24 04:02:35 GMT 2024","0","tests","test_nodes_availability","","","","test_can_create_connection[Test for Kusama Asset Hub, url: wss://sys.ibp.network/statemine]",""
"passed","Wed Apr 24 04:01:19 GMT 2024","Wed Apr 24 04:01:19 GMT 2024","42","tests","test_check_new_assets","TestAssets","","","test_has_new_assets[Test for Bifrost Kusama]",""
"passed","Wed Apr 24 04:06:06 GMT 2024","Wed Apr 24 04:06:06 GMT 2024","0","tests","test_nodes_availability","","","","test_can_create_connection[Test for UNIQUE, url: wss://asia-ws.unique.network/]",""
"passed","Wed Apr 24 04:02:44 GMT 2024","Wed Apr 24 04:02:44 GMT 2024","0","tests","test_nodes_availability","","","","test_can_create_connection[Test for Polkadot Asset Hub, url: wss://statemint-rpc.dwellir.com]",""
"passed","Wed Apr 24 04:01:12 GMT 2024","Wed Apr 24 04:01:13 GMT 2024","322","tests","test_eth_nodes_availability","TestETHNodesAvailability","","","test_rpc_node_work_fast[Test for Ethereum, url: https://api.securerpc.com/v1]",""
"broken","Wed Apr 24 04:05:21 GMT 2024","Wed Apr 24 04:05:21 GMT 2024","0","tests","test_nodes_availability","","","","test_can_create_connection[Test for Acala, url: wss://acala-polkadot.api.onfinality.io/public-ws]",""
"passed","Wed Apr 24 04:02:27 GMT 2024","Wed Apr 24 04:02:27 GMT 2024","0","tests","test_network_parameters","TestNetworkPrefix","","","test_address_prefix[Test for Litentry]",""
"passed","Wed Apr 24 04:04:15 GMT 2024","Wed Apr 24 04:04:15 GMT 2024","0","tests","test_nodes_availability","","","","test_can_create_connection[Test for QUARTZ, url: wss://eu-ws-quartz.unique.network]",""
"passed","Wed Apr 24 04:02:20 GMT 2024","Wed Apr 24 04:02:20 GMT 2024","0","tests","test_network_parameters","TestNetworkPrefix","","","test_address_prefix[Test for Zeitgeist]",""
"passed","Wed Apr 24 04:02:39 GMT 2024","Wed Apr 24 04:02:39 GMT 2024","0","tests","test_nodes_availability","","","","test_can_create_connection[Test for Acala, url: wss://acala-rpc-0.aca-api.network]",""
"passed","Wed Apr 24 04:05:58 GMT 2024","Wed Apr 24 04:05:58 GMT 2024","0","tests","test_nodes_availability","","","","test_can_create_connection[Test for UNIQUE, url: wss://eu-ws.unique.network/]",""
"passed","Wed Apr 24 04:03:00 GMT 2024","Wed Apr 24 04:03:00 GMT 2024","1","tests","test_network_parameters","TestNetworkPrefix","","","test_address_prefix[Test for Aventus]",""
"passed","Wed Apr 24 04:06:28 GMT 2024","Wed Apr 24 04:06:28 GMT 2024","1","tests","test_nodes_availability","","","","test_can_create_connection[Test for XX network, url: wss://rpc-hetzner.xx.network]",""
"passed","Wed Apr 24 04:01:45 GMT 2024","Wed Apr 24 04:01:45 GMT 2024","0","tests","test_network_parameters","TestPrecision","","","test_precision[Test for Crust Shadow]",""
"passed","Wed Apr 24 04:04:19 GMT 2024","Wed Apr 24 04:04:19 GMT 2024","1","tests","test_nodes_availability","","","","test_can_create_connection[Test for Litmus, url: wss://rpc.litmus-parachain.litentry.io]",""
"passed","Wed Apr 24 04:02:37 GMT 2024","Wed Apr 24 04:02:37 GMT 2024","0","tests","test_network_parameters","TestChainId","","","test_chainId[Test for Mangata X]",""
"passed","Wed Apr 24 04:02:58 GMT 2024","Wed Apr 24 04:02:58 GMT 2024","0","tests","test_network_parameters","TestChainId","","","test_chainId[Test for Pendulum]",""
"passed","Wed Apr 24 04:03:21 GMT 2024","Wed Apr 24 04:03:21 GMT 2024","0","tests","test_network_parameters","TestChainId","","","test_chainId[Test for Kusama Bridge Hub]",""
"passed","Wed Apr 24 04:05:40 GMT 2024","Wed Apr 24 04:05:40 GMT 2024","0","tests","test_nodes_availability","","","","test_can_create_connection[Test for NeuroWeb, url: wss://origintrail-rpc.dwellir.com]",""
"passed","Wed Apr 24 04:07:16 GMT 2024","Wed Apr 24 04:07:16 GMT 2024","0","tests","test_nodes_availability","","","","test_can_create_connection[Test for Polimec, url: wss://rpc.polimec.org]",""
"passed","Wed Apr 24 04:06:00 GMT 2024","Wed Apr 24 04:06:00 GMT 2024","0","tests","test_nodes_availability","","","","test_can_create_connection[Test for UNIQUE, url: wss://us-ws.unique.network/]",""
"passed","Wed Apr 24 04:01:16 GMT 2024","Wed Apr 24 04:01:16 GMT 2024","0","tests","test_network_parameters","TestPrecision","","","test_precision[Test for Westend]",""
"passed","Wed Apr 24 04:06:09 GMT 2024","Wed Apr 24 04:06:09 GMT 2024","0","tests","test_nodes_availability","","","","test_can_create_connection[Test for Imbue, url: wss://kusama.imbuenetwork.com]",""
"passed","Wed Apr 24 04:04:19 GMT 2024","Wed Apr 24 04:04:19 GMT 2024","0","tests","test_nodes_availability","","","","test_can_create_connection[Test for Parallel Heiko, url: wss://heiko-rpc.parallel.fi]",""
"passed","Wed Apr 24 04:02:30 GMT 2024","Wed Apr 24 04:02:30 GMT 2024","6","tests","test_check_new_assets","TestAssets","","","test_has_new_assets[Test for Litentry]",""
"passed","Wed Apr 24 04:06:42 GMT 2024","Wed Apr 24 04:06:42 GMT 2024","1","tests","test_nodes_availability","","","","test_can_create_connection[Test for Darwinia, url: wss://parachain-rpc.darwinia.network]",""
"passed","Wed Apr 24 04:01:19 GMT 2024","Wed Apr 24 04:01:19 GMT 2024","0","tests","test_network_parameters","TestChainId","","","test_chainId[Test for Westend]",""
"passed","Wed Apr 24 04:02:32 GMT 2024","Wed Apr 24 04:02:32 GMT 2024","0","tests","test_network_parameters","TestPrecision","","","test_precision[Test for Picasso]",""
"passed","Wed Apr 24 04:01:49 GMT 2024","Wed Apr 24 04:01:49 GMT 2024","0","tests","test_nodes_availability","","","","test_can_create_connection[Test for Kusama, url: wss://rpc-kusama.luckyfriday.io]",""
"passed","Wed Apr 24 04:04:37 GMT 2024","Wed Apr 24 04:04:37 GMT 2024","0","tests","test_nodes_availability","","","","test_can_create_connection[Test for Crust Shadow, url: wss://rpc-shadow.crust.network/]",""
"passed","Wed Apr 24 04:01:16 GMT 2024","Wed Apr 24 04:01:16 GMT 2024","6","tests","test_check_new_assets","TestAssets","","","test_has_new_assets[Test for Westend]",""
"passed","Wed Apr 24 04:03:12 GMT 2024","Wed Apr 24 04:03:12 GMT 2024","0","tests","test_nodes_availability","","","","test_can_create_connection[Test for KILT, url: wss://spiritnet.kilt.io/]",""
"passed","Wed Apr 24 04:03:35 GMT 2024","Wed Apr 24 04:03:35 GMT 2024","1","tests","test_network_parameters","TestChainId","","","test_chainId[Test for InvArch]",""
"passed","Wed Apr 24 04:01:09 GMT 2024","Wed Apr 24 04:01:09 GMT 2024","0","tests","test_nodes_availability","","","","test_can_create_connection[Test for Polkadot, url: wss://polkadot-rpc.dwellir.com]",""
"passed","Wed Apr 24 04:01:23 GMT 2024","Wed Apr 24 04:01:23 GMT 2024","0","tests","test_nodes_availability","","","","test_can_create_connection[Test for Polkadot, url: wss://dot-rpc.stakeworld.io]",""
"passed","Wed Apr 24 04:01:09 GMT 2024","Wed Apr 24 04:01:09 GMT 2024","6","tests","test_check_new_assets","TestAssets","","","test_has_new_assets[Test for Moonriver]",""
"passed","Wed Apr 24 04:03:03 GMT 2024","Wed Apr 24 04:03:03 GMT 2024","0","tests","test_network_parameters","TestChainId","","","test_chainId[Test for Bittensor]",""
"passed","Wed Apr 24 04:02:10 GMT 2024","Wed Apr 24 04:02:10 GMT 2024","6","tests","test_check_new_assets","TestAssets","","","test_has_new_assets[Test for KILT]",""
"passed","Wed Apr 24 04:02:51 GMT 2024","Wed Apr 24 04:02:51 GMT 2024","0","tests","test_network_parameters","TestChainId","","","test_chainId[Test for Ternoa]",""
"passed","Wed Apr 24 04:02:27 GMT 2024","Wed Apr 24 04:02:27 GMT 2024","0","tests","test_network_parameters","TestChainId","","","test_chainId[Test for Composable Finance]",""
"broken","Wed Apr 24 04:02:57 GMT 2024","Wed Apr 24 04:02:57 GMT 2024","0","tests","test_nodes_availability","","","","test_can_create_connection[Test for Bifrost Kusama, url: wss://bifrost-parachain.api.onfinality.io/public-ws]",""
"passed","Wed Apr 24 04:03:17 GMT 2024","Wed Apr 24 04:03:17 GMT 2024","0","tests","test_network_parameters","TestNetworkPrefix","","","test_address_prefix[Test for GIANT]",""
"passed","Wed Apr 24 04:02:29 GMT 2024","Wed Apr 24 04:02:29 GMT 2024","1","tests","test_network_parameters","TestPrecision","","","test_precision[Test for Kintsugi]",""
"passed","Wed Apr 24 04:02:41 GMT 2024","Wed Apr 24 04:02:41 GMT 2024","6","tests","test_check_new_assets","TestAssets","","","test_has_new_assets[Test for Imbue]",""
"passed","Wed Apr 24 04:01:15 GMT 2024","Wed Apr 24 04:01:15 GMT 2024","0","tests","test_network_parameters","TestNetworkPrefix","","","test_address_prefix[Test for Kusama]",""
"passed","Wed Apr 24 04:02:43 GMT 2024","Wed Apr 24 04:02:43 GMT 2024","0","tests","test_network_parameters","TestPrecision","","","test_precision[Test for Myriad]",""
"passed","Wed Apr 24 04:02:22 GMT 2024","Wed Apr 24 04:02:22 GMT 2024","1","tests","test_network_parameters","TestChainId","","","test_chainId[Test for Aleph Zero]",""
"passed","Wed Apr 24 04:04:57 GMT 2024","Wed Apr 24 04:04:57 GMT 2024","0","tests","test_nodes_availability","","","","test_can_create_connection[Test for Phala, url: wss://phala.public.curie.radiumblock.co/ws]",""
"passed","Wed Apr 24 04:06:32 GMT 2024","Wed Apr 24 04:06:32 GMT 2024","0","tests","test_nodes_availability","","","","test_can_create_connection[Test for Crust Polkadot Parachain, url: wss://crust-parachain.crustapps.net]",""
"passed","Wed Apr 24 04:06:45 GMT 2024","Wed Apr 24 04:06:45 GMT 2024","0","tests","test_nodes_availability","","","","test_can_create_connection[Test for Frequency, url: wss://0.rpc.frequency.xyz]",""
"passed","Wed Apr 24 04:01:12 GMT 2024","Wed Apr 24 04:01:12 GMT 2024","0","tests","test_network_parameters","TestChainId","","","test_chainId[Test for Moonriver]",""
"broken","Wed Apr 24 04:03:36 GMT 2024","Wed Apr 24 04:03:36 GMT 2024","0","tests","test_network_parameters","TestChainId","","","test_chainId[Test for krest]",""
"passed","Wed Apr 24 04:01:19 GMT 2024","Wed Apr 24 04:01:19 GMT 2024","0","tests","test_network_parameters","TestNetworkPrefix","","","test_address_prefix[Test for Westend]",""
"passed","Wed Apr 24 04:06:38 GMT 2024","Wed Apr 24 04:06:38 GMT 2024","0","tests","test_nodes_availability","","","","test_can_create_connection[Test for 3DPass, url: wss://rpc.3dpscan.io]",""
"passed","Wed Apr 24 04:01:07 GMT 2024","Wed Apr 24 04:01:07 GMT 2024","75","tests","test_check_new_assets","TestAssets","","","test_has_new_assets[Test for QUARTZ]",""
"broken","Wed Apr 24 04:02:48 GMT 2024","Wed Apr 24 04:02:48 GMT 2024","0","tests","test_network_parameters","TestNetworkPrefix","","","test_address_prefix[Test for Polkadex]",""
"passed","Wed Apr 24 04:06:58 GMT 2024","Wed Apr 24 04:06:58 GMT 2024","0","tests","test_nodes_availability","","","","test_can_create_connection[Test for Polkadot Bridge Hub, url: wss://sys.dotters.network/bridgehub-polkadot]",""
"passed","Wed Apr 24 04:07:09 GMT 2024","Wed Apr 24 04:07:09 GMT 2024","0","tests","test_nodes_availability","","","","test_can_create_connection[Test for Polkadot Collectives, url: wss://collectives.api.onfinality.io/public-ws]",""
"passed","Wed Apr 24 04:03:14 GMT 2024","Wed Apr 24 04:03:14 GMT 2024","1","tests","test_network_parameters","TestNetworkPrefix","","","test_address_prefix[Test for Enjin Matrix]",""
"passed","Wed Apr 24 04:01:13 GMT 2024","Wed Apr 24 04:01:13 GMT 2024","790","tests","test_eth_nodes_availability","TestETHNodesAvailability","","","test_rpc_node_work_fast[Test for Ethereum, url: https://1rpc.io/eth]",""
"passed","Wed Apr 24 04:07:20 GMT 2024","Wed Apr 24 04:07:20 GMT 2024","0","tests","test_nodes_availability","","","","test_can_create_connection[Test for Manta Atlantic, url: wss://ws.manta.systems]",""
"passed","Wed Apr 24 04:06:48 GMT 2024","Wed Apr 24 04:06:48 GMT 2024","0","tests","test_nodes_availability","","","","test_can_create_connection[Test for Polkadot Bridge Hub, url: wss://sys.ibp.network/bridgehub-polkadot]",""
"passed","Wed Apr 24 04:02:39 GMT 2024","Wed Apr 24 04:02:39 GMT 2024","6","tests","test_check_new_assets","TestAssets","","","test_has_new_assets[Test for Tinkernet]",""
"passed","Wed Apr 24 04:02:59 GMT 2024","Wed Apr 24 04:02:59 GMT 2024","0","tests","test_network_parameters","TestPrecision","","","test_precision[Test for 3DPass]",""
"passed","Wed Apr 24 04:02:14 GMT 2024","Wed Apr 24 04:02:14 GMT 2024","5","tests","test_check_new_assets","TestAssets","","","test_has_new_assets[Test for Calamari]",""
"passed","Wed Apr 24 04:03:05 GMT 2024","Wed Apr 24 04:03:05 GMT 2024","0","tests","test_network_parameters","TestNetworkPrefix","","","test_address_prefix[Test for Frequency]",""
"passed","Wed Apr 24 04:01:12 GMT 2024","Wed Apr 24 04:01:13 GMT 2024","356","tests","test_eth_nodes_availability","TestETHNodesAvailability","","","test_rpc_node_work_fast[Test for Ethereum, url: https://eth.llamarpc.com]",""
"passed","Wed Apr 24 04:01:40 GMT 2024","Wed Apr 24 04:01:40 GMT 2024","5","tests","test_check_new_assets","TestAssets","","","test_has_new_assets[Test for Crust Shadow]",""
"passed","Wed Apr 24 04:01:40 GMT 2024","Wed Apr 24 04:01:40 GMT 2024","5","tests","test_check_new_assets","TestAssets","","","test_has_new_assets[Test for Astar]",""
"passed","Wed Apr 24 04:02:50 GMT 2024","Wed Apr 24 04:02:50 GMT 2024","9","tests","test_check_new_assets","TestAssets","","","test_has_new_assets[Test for XX network]",""
"passed","Wed Apr 24 04:03:00 GMT 2024","Wed Apr 24 04:03:00 GMT 2024","6","tests","test_check_new_assets","TestAssets","","","test_has_new_assets[Test for Frequency]",""
"passed","Wed Apr 24 04:02:50 GMT 2024","Wed Apr 24 04:02:50 GMT 2024","1","tests","test_nodes_availability","","","","test_can_create_connection[Test for Polkadot Asset Hub, url: wss://statemint.api.onfinality.io/public-ws]",""
"passed","Wed Apr 24 04:03:18 GMT 2024","Wed Apr 24 04:03:18 GMT 2024","0","tests","test_network_parameters","TestChainId","","","test_chainId[Test for GIANT]",""
"passed","Wed Apr 24 04:02:29 GMT 2024","Wed Apr 24 04:02:29 GMT 2024","36","tests","test_check_new_assets","TestAssets","","","test_has_new_assets[Test for Kintsugi]",""
"passed","Wed Apr 24 04:03:02 GMT 2024","Wed Apr 24 04:03:02 GMT 2024","0","tests","test_network_parameters","TestChainId","","","test_chainId[Test for Aventus]",""
"passed","Wed Apr 24 04:02:51 GMT 2024","Wed Apr 24 04:02:51 GMT 2024","9","tests","test_check_new_assets","TestAssets","","","test_has_new_assets[Test for Phala]",""
"passed","Wed Apr 24 04:04:26 GMT 2024","Wed Apr 24 04:04:26 GMT 2024","0","tests","test_nodes_availability","","","","test_can_create_connection[Test for Subsocial, url: wss://para.subsocial.network]",""
"passed","Wed Apr 24 04:03:17 GMT 2024","Wed Apr 24 04:03:17 GMT 2024","0","tests","test_network_parameters","TestChainId","","","test_chainId[Test for Crab]",""
"passed","Wed Apr 24 04:06:28 GMT 2024","Wed Apr 24 04:06:28 GMT 2024","0","tests","test_nodes_availability","","","","test_can_create_connection[Test for Polkadex, url: wss://polkadex.public.curie.radiumblock.co/ws]",""
"passed","Wed Apr 24 04:06:09 GMT 2024","Wed Apr 24 04:06:09 GMT 2024","0","tests","test_nodes_availability","","","","test_can_create_connection[Test for DAO IPCI, url: wss://kusama.rpc.ipci.io]",""
"passed","Wed Apr 24 04:02:44 GMT 2024","Wed Apr 24 04:02:44 GMT 2024","0","tests","test_network_parameters","TestPrecision","","","test_precision[Test for Polymesh]",""
"passed","Wed Apr 24 04:05:52 GMT 2024","Wed Apr 24 04:05:52 GMT 2024","1","tests","test_nodes_availability","","","","test_can_create_connection[Test for Litentry, url: wss://rpc.litentry-parachain.litentry.io]",""
"passed","Wed Apr 24 04:02:42 GMT 2024","Wed Apr 24 04:02:42 GMT 2024","0","tests","test_network_parameters","TestPrecision","","","test_precision[Test for Ternoa]",""
"passed","Wed Apr 24 04:02:41 GMT 2024","Wed Apr 24 04:02:41 GMT 2024","1","tests","test_network_parameters","TestChainId","","","test_chainId[Test for Kabocha]",""
"passed","Wed Apr 24 04:02:10 GMT 2024","Wed Apr 24 04:02:10 GMT 2024","1","tests","test_nodes_availability","","","","test_can_create_connection[Test for Moonbeam, url: wss://moonbeam.public.curie.radiumblock.co/ws]",""
"passed","Wed Apr 24 04:02:32 GMT 2024","Wed Apr 24 04:02:32 GMT 2024","8","tests","test_check_new_assets","TestAssets","","","test_has_new_assets[Test for Picasso]",""
"passed","Wed Apr 24 04:01:44 GMT 2024","Wed Apr 24 04:01:44 GMT 2024","0","tests","test_network_parameters","TestNetworkPrefix","","","test_address_prefix[Test for Picasso]",""
"passed","Wed Apr 24 04:01:38 GMT 2024","Wed Apr 24 04:01:38 GMT 2024","0","tests","test_network_parameters","TestPrecision","","","test_precision[Test for Subsocial]",""
"passed","Wed Apr 24 04:03:28 GMT 2024","Wed Apr 24 04:03:28 GMT 2024","0","tests","test_network_parameters","TestPrecision","","","test_precision[Test for Curio]",""
"passed","Wed Apr 24 04:01:13 GMT 2024","Wed Apr 24 04:01:13 GMT 2024","1","tests","test_network_parameters","TestChainId","","","test_chainId[Test for Bit.Country Pioneer]",""
"passed","Wed Apr 24 04:02:54 GMT 2024","Wed Apr 24 04:02:54 GMT 2024","0","tests","test_network_parameters","TestPrecision","","","test_precision[Test for Hashed Network]",""
"passed","Wed Apr 24 04:07:12 GMT 2024","Wed Apr 24 04:07:12 GMT 2024","0","tests","test_nodes_availability","","","","test_can_create_connection[Test for Watr, url: wss://watr-rpc.watr-api.network]",""
"passed","Wed Apr 24 04:02:50 GMT 2024","Wed Apr 24 04:02:50 GMT 2024","1","tests","test_network_parameters","TestChainId","","","test_chainId[Test for Polymesh]",""
"passed","Wed Apr 24 04:02:13 GMT 2024","Wed Apr 24 04:02:13 GMT 2024","1","tests","test_network_parameters","TestPrecision","","","test_precision[Test for Parallel]",""
"passed","Wed Apr 24 04:03:25 GMT 2024","Wed Apr 24 04:03:25 GMT 2024","0","tests","test_network_parameters","TestNetworkPrefix","","","test_address_prefix[Test for Manta Atlantic]",""
"passed","Wed Apr 24 04:02:13 GMT 2024","Wed Apr 24 04:02:13 GMT 2024","1","tests","test_nodes_availability","","","","test_can_create_connection[Test for Moonbeam, url: wss://moonbeam.public.blastapi.io]",""
"passed","Wed Apr 24 04:02:12 GMT 2024","Wed Apr 24 04:02:12 GMT 2024","0","tests","test_network_parameters","TestChainId","","","test_chainId[Test for Interlay]",""
"passed","Wed Apr 24 04:02:49 GMT 2024","Wed Apr 24 04:02:49 GMT 2024","0","tests","test_network_parameters","TestPrecision","","","test_precision[Test for XX network]",""
"passed","Wed Apr 24 04:05:00 GMT 2024","Wed Apr 24 04:05:00 GMT 2024","0","tests","test_nodes_availability","","","","test_can_create_connection[Test for Mangata X, url: wss://kusama-rpc.mangata.online]",""
"passed","Wed Apr 24 04:02:53 GMT 2024","Wed Apr 24 04:02:53 GMT 2024","8","tests","test_check_new_assets","TestAssets","","","test_has_new_assets[Test for Aventus]",""
"passed","Wed Apr 24 04:01:39 GMT 2024","Wed Apr 24 04:01:39 GMT 2024","0","tests","test_network_parameters","TestNetworkPrefix","","","test_address_prefix[Test for Kintsugi]",""
"passed","Wed Apr 24 04:03:15 GMT 2024","Wed Apr 24 04:03:15 GMT 2024","6","tests","test_check_new_assets","TestAssets","","","test_has_new_assets[Test for InvArch]",""
"passed","Wed Apr 24 04:02:03 GMT 2024","Wed Apr 24 04:02:03 GMT 2024","0","tests","test_network_parameters","TestChainId","","","test_chainId[Test for Centrifuge Parachain]",""
"passed","Wed Apr 24 04:02:58 GMT 2024","Wed Apr 24 04:02:58 GMT 2024","10","tests","test_check_new_assets","TestAssets","","","test_has_new_assets[Test for Hashed Network]",""
"passed","Wed Apr 24 04:03:05 GMT 2024","Wed Apr 24 04:03:05 GMT 2024","0","tests","test_nodes_availability","","","","test_can_create_connection[Test for Astar, url: wss://astar-rpc.dwellir.com]",""
"passed","Wed Apr 24 04:07:15 GMT 2024","Wed Apr 24 04:07:15 GMT 2024","0","tests","test_nodes_availability","","","","test_can_create_connection[Test for InvArch, url: wss://invarch-rpc.dwellir.com]",""
"passed","Wed Apr 24 04:01:08 GMT 2024","Wed Apr 24 04:01:08 GMT 2024","0","tests","test_network_parameters","TestNetworkPrefix","","","test_address_prefix[Test for QUARTZ]",""
"passed","Wed Apr 24 04:02:37 GMT 2024","Wed Apr 24 04:02:37 GMT 2024","0","tests","test_network_parameters","TestNetworkPrefix","","","test_address_prefix[Test for Kabocha]",""
"passed","Wed Apr 24 04:03:10 GMT 2024","Wed Apr 24 04:03:10 GMT 2024","8","tests","test_check_new_assets","TestAssets","","","test_has_new_assets[Test for Dock]",""
"passed","Wed Apr 24 04:02:55 GMT 2024","Wed Apr 24 04:02:55 GMT 2024","9","tests","test_check_new_assets","TestAssets","","","test_has_new_assets[Test for Turing]",""
"passed","Wed Apr 24 04:03:02 GMT 2024","Wed Apr 24 04:03:02 GMT 2024","6","tests","test_check_new_assets","TestAssets","","","test_has_new_assets[Test for Kusama Bridge Hub]",""
"passed","Wed Apr 24 04:01:11 GMT 2024","Wed Apr 24 04:01:11 GMT 2024","0","tests","test_network_parameters","TestPrecision","","","test_precision[Test for Bit.Country Pioneer]",""
"passed","Wed Apr 24 04:02:57 GMT 2024","Wed Apr 24 04:02:57 GMT 2024","1","tests","test_nodes_availability","","","","test_can_create_connection[Test for Acala, url: wss://acala-rpc.dwellir.com]",""
"passed","Wed Apr 24 04:02:20 GMT 2024","Wed Apr 24 04:02:20 GMT 2024","1","tests","test_nodes_availability","","","","test_can_create_connection[Test for Moonbeam, url: wss://1rpc.io/glmr]",""
"passed","Wed Apr 24 04:06:50 GMT 2024","Wed Apr 24 04:06:50 GMT 2024","0","tests","test_nodes_availability","","","","test_can_create_connection[Test for Kusama Bridge Hub, url: wss://sys.ibp.network/bridgehub-kusama]",""
"passed","Wed Apr 24 04:02:44 GMT 2024","Wed Apr 24 04:02:44 GMT 2024","0","tests","test_network_parameters","TestChainId","","","test_chainId[Test for Tinkernet]",""
"passed","Wed Apr 24 04:03:23 GMT 2024","Wed Apr 24 04:03:23 GMT 2024","1","tests","test_network_parameters","TestPrecision","","","test_precision[Test for Manta Atlantic]",""
"passed","Wed Apr 24 04:02:20 GMT 2024","Wed Apr 24 04:02:20 GMT 2024","0","tests","test_network_parameters","TestPrecision","","","test_precision[Test for Polkadot Asset Hub]",""
"passed","Wed Apr 24 04:06:18 GMT 2024","Wed Apr 24 04:06:18 GMT 2024","0","tests","test_nodes_availability","","","","test_can_create_connection[Test for Ternoa, url: wss://mainnet.ternoa.network]",""
"passed","Wed Apr 24 04:03:03 GMT 2024","Wed Apr 24 04:03:03 GMT 2024","0","tests","test_network_parameters","TestNetworkPrefix","","","test_address_prefix[Test for Hashed Network]",""
"passed","Wed Apr 24 04:01:47 GMT 2024","Wed Apr 24 04:01:47 GMT 2024","0","tests","test_network_parameters","TestPrecision","","","test_precision[Test for Integritee Parachain]",""
"passed","Wed Apr 24 04:03:17 GMT 2024","Wed Apr 24 04:03:17 GMT 2024","1","tests","test_network_parameters","TestNetworkPrefix","","","test_address_prefix[Test for Dock]",""
"passed","Wed Apr 24 04:03:05 GMT 2024","Wed Apr 24 04:03:05 GMT 2024","0","tests","test_network_parameters","TestChainId","","","test_chainId[Test for Hashed Network]",""
"passed","Wed Apr 24 04:02:28 GMT 2024","Wed Apr 24 04:02:28 GMT 2024","0","tests","test_network_parameters","TestChainId","","","test_chainId[Test for Robonomics]",""
"passed","Wed Apr 24 04:02:09 GMT 2024","Wed Apr 24 04:02:09 GMT 2024","0","tests","test_network_parameters","TestPrecision","","","test_precision[Test for KILT]",""
"passed","Wed Apr 24 04:07:41 GMT 2024","Wed Apr 24 04:07:41 GMT 2024","0","tests","test_nodes_availability","","","","test_can_create_connection[Test for Frequency, url: wss://1.rpc.frequency.xyz]",""
"passed","Wed Apr 24 04:02:07 GMT 2024","Wed Apr 24 04:02:07 GMT 2024","5","tests","test_check_new_assets","TestAssets","","","test_has_new_assets[Test for Khala]",""
"passed","Wed Apr 24 04:02:05 GMT 2024","Wed Apr 24 04:02:05 GMT 2024","0","tests","test_network_parameters","TestNetworkPrefix","","","test_address_prefix[Test for Parallel Heiko]",""
"passed","Wed Apr 24 04:06:52 GMT 2024","Wed Apr 24 04:06:52 GMT 2024","0","tests","test_nodes_availability","","","","test_can_create_connection[Test for Crab, url: wss://darwiniacrab-rpc.dwellir.com]",""
"passed","Wed Apr 24 04:03:15 GMT 2024","Wed Apr 24 04:03:15 GMT 2024","1","tests","test_network_parameters","TestPrecision","","","test_precision[Test for Watr]",""
"passed","Wed Apr 24 04:06:57 GMT 2024","Wed Apr 24 04:06:57 GMT 2024","1","tests","test_nodes_availability","","","","test_can_create_connection[Test for Polkadot Collectives, url: wss://sys.ibp.network/collectives-polkadot]",""
"passed","Wed Apr 24 04:02:59 GMT 2024","Wed Apr 24 04:02:59 GMT 2024","0","tests","test_network_parameters","TestNetworkPrefix","","","test_address_prefix[Test for Crust Polkadot Parachain]",""
"passed","Wed Apr 24 04:01:23 GMT 2024","Wed Apr 24 04:01:23 GMT 2024","0","tests","test_network_parameters","TestNetworkPrefix","","","test_address_prefix[Test for Basilisk]",""
"passed","Wed Apr 24 04:05:26 GMT 2024","Wed Apr 24 04:05:26 GMT 2024","0","tests","test_nodes_availability","","","","test_can_create_connection[Test for Aleph Zero, url: wss://ws.azero.dev]",""
"passed","Wed Apr 24 04:07:21 GMT 2024","Wed Apr 24 04:07:21 GMT 2024","0","tests","test_nodes_availability","","","","test_can_create_connection[Test for Enjin Relay, url: wss://rpc.relay.blockchain.enjin.io]",""
"passed","Wed Apr 24 04:03:19 GMT 2024","Wed Apr 24 04:03:19 GMT 2024","1","tests","test_network_parameters","TestChainId","","","test_chainId[Test for Vara]",""
"passed","Wed Apr 24 04:06:34 GMT 2024","Wed Apr 24 04:06:34 GMT 2024","1","tests","test_nodes_availability","","","","test_can_create_connection[Test for Ajuna, url: wss://ajuna.public.curie.radiumblock.co/ws]",""
"passed","Wed Apr 24 04:02:16 GMT 2024","Wed Apr 24 04:02:16 GMT 2024","0","tests","test_nodes_availability","","","","test_can_create_connection[Test for Westend, url: wss://westend-rpc.dwellir.com]",""
"passed","Wed Apr 24 04:03:30 GMT 2024","Wed Apr 24 04:03:30 GMT 2024","0","tests","test_network_parameters","TestNetworkPrefix","","","test_address_prefix[Test for Curio]",""
"passed","Wed Apr 24 04:02:40 GMT 2024","Wed Apr 24 04:02:40 GMT 2024","0","tests","test_nodes_availability","","","","test_can_create_connection[Test for Shiden, url: wss://rpc.shiden.astar.network]",""
"passed","Wed Apr 24 04:07:23 GMT 2024","Wed Apr 24 04:07:23 GMT 2024","0","tests","test_nodes_availability","","","","test_can_create_connection[Test for Continuum, url: wss://continuum-rpc-1.metaverse.network/wss]",""
"passed","Wed Apr 24 04:07:08 GMT 2024","Wed Apr 24 04:07:08 GMT 2024","0","tests","test_nodes_availability","","","","test_can_create_connection[Test for Joystream, url: wss://rpc.joystream.org]",""
"passed","Wed Apr 24 04:02:32 GMT 2024","Wed Apr 24 04:02:32 GMT 2024","0","tests","test_nodes_availability","","","","test_can_create_connection[Test for Moonriver, url: wss://moonriver.public.curie.radiumblock.co/ws]",""
"passed","Wed Apr 24 04:03:26 GMT 2024","Wed Apr 24 04:03:26 GMT 2024","0","tests","test_nodes_availability","","","","test_can_create_connection[Test for Polkadot Asset Hub, url: wss://sys.dotters.network/statemint]",""
"passed","Wed Apr 24 04:06:31 GMT 2024","Wed Apr 24 04:06:31 GMT 2024","1","tests","test_nodes_availability","","","","test_can_create_connection[Test for NeuroWeb, url: wss://parachain-rpc.origin-trail.network]",""
"broken","Wed Apr 24 04:01:53 GMT 2024","Wed Apr 24 04:01:53 GMT 2024","0","tests","test_network_parameters","TestChainId","","","test_chainId[Test for Acala]",""
"broken","Wed Apr 24 04:02:40 GMT 2024","Wed Apr 24 04:02:40 GMT 2024","0","tests","test_network_parameters","TestPrecision","","","test_precision[Test for Nodle Parachain]",""
"passed","Wed Apr 24 04:01:12 GMT 2024","Wed Apr 24 04:01:12 GMT 2024","0","tests","test_nodes_availability","","","","test_can_create_connection[Test for Shiden, url: wss://shiden.public.curie.radiumblock.co/ws]",""
"passed","Wed Apr 24 04:03:08 GMT 2024","Wed Apr 24 04:03:08 GMT 2024","0","tests","test_network_parameters","TestNetworkPrefix","","","test_address_prefix[Test for Darwinia]",""
"passed","Wed Apr 24 04:03:29 GMT 2024","Wed Apr 24 04:03:29 GMT 2024","0","tests","test_nodes_availability","","","","test_can_create_connection[Test for HydraDX, url: wss://rpc.hydradx.cloud]",""
"passed","Wed Apr 24 04:06:55 GMT 2024","Wed Apr 24 04:06:55 GMT 2024","0","tests","test_nodes_availability","","","","test_can_create_connection[Test for Kusama Bridge Hub, url: wss://ksm-rpc.stakeworld.io/bridgehub]",""
"passed","Wed Apr 24 04:02:02 GMT 2024","Wed Apr 24 04:02:02 GMT 2024","0","tests","test_network_parameters","TestNetworkPrefix","","","test_address_prefix[Test for Parallel]",""
"passed","Wed Apr 24 04:02:51 GMT 2024","Wed Apr 24 04:02:51 GMT 2024","10","tests","test_check_new_assets","TestAssets","","","test_has_new_assets[Test for NeuroWeb]",""
"passed","Wed Apr 24 04:03:19 GMT 2024","Wed Apr 24 04:03:19 GMT 2024","0","tests","test_network_parameters","TestNetworkPrefix","","","test_address_prefix[Test for Energy Web X]",""
"passed","Wed Apr 24 04:02:25 GMT 2024","Wed Apr 24 04:02:25 GMT 2024","6","tests","test_check_new_assets","TestAssets","","","test_has_new_assets[Test for Encointer]",""
"passed","Wed Apr 24 04:01:58 GMT 2024","Wed Apr 24 04:01:58 GMT 2024","1","tests","test_network_parameters","TestNetworkPrefix","","","test_address_prefix[Test for Astar]",""
"passed","Wed Apr 24 04:06:36 GMT 2024","Wed Apr 24 04:06:36 GMT 2024","0","tests","test_nodes_availability","","","","test_can_create_connection[Test for Aventus, url: wss://public-rpc.mainnet.aventus.io]",""
"passed","Wed Apr 24 04:01:37 GMT 2024","Wed Apr 24 04:01:37 GMT 2024","0","tests","test_network_parameters","TestChainId","","","test_chainId[Test for Litmus]",""
"passed","Wed Apr 24 04:01:10 GMT 2024","Wed Apr 24 04:01:10 GMT 2024","0","tests","test_network_parameters","TestNetworkPrefix","","","test_address_prefix[Test for Moonriver]",""
"passed","Wed Apr 24 04:04:53 GMT 2024","Wed Apr 24 04:04:53 GMT 2024","0","tests","test_nodes_availability","","","","test_can_create_connection[Test for Phala, url: wss://api.phala.network/ws]",""
"broken","Wed Apr 24 04:01:58 GMT 2024","Wed Apr 24 04:01:58 GMT 2024","0","tests","test_check_new_assets","TestAssets","","","test_has_new_assets[Test for Karura]",""
"passed","Wed Apr 24 04:01:12 GMT 2024","Wed Apr 24 04:01:13 GMT 2024","699","tests","test_eth_nodes_availability","TestETHNodesAvailability","","","test_rpc_node_is_synced[Test for Ethereum, url: https://eth.llamarpc.com]",""
"passed","Wed Apr 24 04:02:20 GMT 2024","Wed Apr 24 04:02:20 GMT 2024","5","tests","test_check_new_assets","TestAssets","","","test_has_new_assets[Test for Polkadot Asset Hub]",""
"passed","Wed Apr 24 04:01:21 GMT 2024","Wed Apr 24 04:01:21 GMT 2024","0","tests","test_network_parameters","TestNetworkPrefix","","","test_address_prefix[Test for Kusama Asset Hub]",""
"passed","Wed Apr 24 04:02:46 GMT 2024","Wed Apr 24 04:02:46 GMT 2024","0","tests","test_network_parameters","TestChainId","","","test_chainId[Test for Imbue]",""
"broken","Wed Apr 24 04:01:52 GMT 2024","Wed Apr 24 04:01:52 GMT 2024","0","tests","test_nodes_availability","","","","test_can_create_connection[Test for Shiden, url: wss://shiden.api.onfinality.io/public-ws]",""
"passed","Wed Apr 24 04:02:45 GMT 2024","Wed Apr 24 04:02:45 GMT 2024","0","tests","test_network_parameters","TestNetworkPrefix","","","test_address_prefix[Test for Polymesh]",""
"passed","Wed Apr 24 04:02:21 GMT 2024","Wed Apr 24 04:02:21 GMT 2024","0","tests","test_nodes_availability","","","","test_can_create_connection[Test for Westend, url: wss://rpc.dotters.network/westend]",""
"passed","Wed Apr 24 04:03:25 GMT 2024","Wed Apr 24 04:03:25 GMT 2024","0","tests","test_network_parameters","TestNetworkPrefix","","","test_address_prefix[Test for Enjin Relay]",""
"passed","Wed Apr 24 04:01:14 GMT 2024","Wed Apr 24 04:01:14 GMT 2024","6","tests","test_check_new_assets","TestAssets","","","test_has_new_assets[Test for Shiden]",""
"passed","Wed Apr 24 04:02:16 GMT 2024","Wed Apr 24 04:02:16 GMT 2024","0","tests","test_network_parameters","TestNetworkPrefix","","","test_address_prefix[Test for Calamari]",""
"passed","Wed Apr 24 04:01:52 GMT 2024","Wed Apr 24 04:01:52 GMT 2024","1","tests","test_network_parameters","TestPrecision","","","test_precision[Test for Centrifuge Parachain]",""
"broken","Wed Apr 24 04:06:20 GMT 2024","Wed Apr 24 04:06:20 GMT 2024","0","tests","test_nodes_availability","","","","test_can_create_connection[Test for Centrifuge Parachain, url: wss://centrifuge-parachain.api.onfinality.io/public-ws]",""
"passed","Wed Apr 24 04:03:05 GMT 2024","Wed Apr 24 04:03:05 GMT 2024","0","tests","test_network_parameters","TestPrecision","","","test_precision[Test for Darwinia]",""
"passed","Wed Apr 24 04:02:35 GMT 2024","Wed Apr 24 04:02:35 GMT 2024","5","tests","test_check_new_assets","TestAssets","","","test_has_new_assets[Test for Mangata X]",""
"passed","Wed Apr 24 04:03:12 GMT 2024","Wed Apr 24 04:03:12 GMT 2024","0","tests","test_network_parameters","TestChainId","","","test_chainId[Test for 3DPass]",""
"passed","Wed Apr 24 04:02:33 GMT 2024","Wed Apr 24 04:02:33 GMT 2024","9","tests","test_check_new_assets","TestAssets","","","test_has_new_assets[Test for UNIQUE]",""
"passed","Wed Apr 24 04:02:26 GMT 2024","Wed Apr 24 04:02:26 GMT 2024","0","tests","test_network_parameters","TestPrecision","","","test_precision[Test for Litentry]",""
"passed","Wed Apr 24 04:02:53 GMT 2024","Wed Apr 24 04:02:53 GMT 2024","0","tests","test_network_parameters","TestChainId","","","test_chainId[Test for Myriad]",""
"passed","Wed Apr 24 04:02:24 GMT 2024","Wed Apr 24 04:02:24 GMT 2024","0","tests","test_network_parameters","TestPrecision","","","test_precision[Test for Encointer]",""
"passed","Wed Apr 24 04:01:47 GMT 2024","Wed Apr 24 04:01:47 GMT 2024","0","tests","test_network_parameters","TestNetworkPrefix","","","test_address_prefix[Test for HydraDX]",""
"passed","Wed Apr 24 04:01:27 GMT 2024","Wed Apr 24 04:01:27 GMT 2024","0","tests","test_nodes_availability","","","","test_can_create_connection[Test for Polkadot, url: wss://polkadot.public.curie.radiumblock.co/ws]",""
"passed","Wed Apr 24 04:01:44 GMT 2024","Wed Apr 24 04:01:44 GMT 2024","5","tests","test_check_new_assets","TestAssets","","","test_has_new_assets[Test for Parallel]",""
"passed","Wed Apr 24 04:02:52 GMT 2024","Wed Apr 24 04:02:52 GMT 2024","0","tests","test_network_parameters","TestNetworkPrefix","","","test_address_prefix[Test for Ternoa]",""
"broken","Wed Apr 24 04:03:50 GMT 2024","Wed Apr 24 04:03:50 GMT 2024","0","tests","test_nodes_availability","","","","test_can_create_connection[Test for Nodle Parachain, url: wss://eden-rpc.dwellir.com]",""
"passed","Wed Apr 24 04:02:22 GMT 2024","Wed Apr 24 04:02:22 GMT 2024","0","tests","test_network_parameters","TestNetworkPrefix","","","test_address_prefix[Test for Bifrost Polkadot]",""
"passed","Wed Apr 24 04:05:46 GMT 2024","Wed Apr 24 04:05:46 GMT 2024","0","tests","test_nodes_availability","","","","test_can_create_connection[Test for Bifrost Polkadot, url: wss://hk.p.bifrost-rpc.liebi.com/ws]",""
"broken","Wed Apr 24 04:04:31 GMT 2024","Wed Apr 24 04:04:31 GMT 2024","0","tests","test_nodes_availability","","","","test_can_create_connection[Test for Nodle Parachain, url: wss://nodle-parachain.api.onfinality.io/public-ws]",""
"passed","Wed Apr 24 04:02:56 GMT 2024","Wed Apr 24 04:02:56 GMT 2024","0","tests","test_network_parameters","TestNetworkPrefix","","","test_address_prefix[Test for Pendulum]",""
"broken","Wed Apr 24 04:05:20 GMT 2024","Wed Apr 24 04:05:20 GMT 2024","0","tests","test_nodes_availability","","","","test_can_create_connection[Test for Integritee Parachain, url: wss://integritee-kusama.api.onfinality.io/public-ws]",""
"passed","Wed Apr 24 04:03:13 GMT 2024","Wed Apr 24 04:03:13 GMT 2024","0","tests","test_network_parameters","TestNetworkPrefix","","","test_address_prefix[Test for Polkadot Collectives]",""
"passed","Wed Apr 24 04:02:41 GMT 2024","Wed Apr 24 04:02:41 GMT 2024","0","tests","test_network_parameters","TestNetworkPrefix","","","test_address_prefix[Test for Imbue]",""
"passed","Wed Apr 24 04:03:21 GMT 2024","Wed Apr 24 04:03:21 GMT 2024","0","tests","test_network_parameters","TestNetworkPrefix","","","test_address_prefix[Test for Polimec]",""
"passed","Wed Apr 24 04:03:11 GMT 2024","Wed Apr 24 04:03:11 GMT 2024","0","tests","test_network_parameters","TestPrecision","","","test_precision[Test for Kusama Bridge Hub]",""
"passed","Wed Apr 24 04:01:29 GMT 2024","Wed Apr 24 04:01:29 GMT 2024","0","tests","test_network_parameters","TestChainId","","","test_chainId[Test for Basilisk]",""
"passed","Wed Apr 24 04:06:47 GMT 2024","Wed Apr 24 04:06:47 GMT 2024","0","tests","test_nodes_availability","","","","test_can_create_connection[Test for Crab, url: wss://crab-rpc.darwinia.network/]",""
"passed","Wed Apr 24 04:02:31 GMT 2024","Wed Apr 24 04:02:31 GMT 2024","0","tests","test_network_parameters","TestPrecision","","","test_precision[Test for Mangata X]",""
"passed","Wed Apr 24 04:02:30 GMT 2024","Wed Apr 24 04:02:30 GMT 2024","0","tests","test_network_parameters","TestNetworkPrefix","","","test_address_prefix[Test for UNIQUE]",""
"passed","Wed Apr 24 04:02:56 GMT 2024","Wed Apr 24 04:02:56 GMT 2024","1","tests","test_nodes_availability","","","","test_can_create_connection[Test for Robonomics, url: wss://robonomics.0xsamsara.com]",""
"passed","Wed Apr 24 04:01:37 GMT 2024","Wed Apr 24 04:01:37 GMT 2024","0","tests","test_nodes_availability","","","","test_can_create_connection[Test for Polkadot, url: wss://rpc-polkadot.luckyfriday.io]",""
"passed","Wed Apr 24 04:02:59 GMT 2024","Wed Apr 24 04:02:59 GMT 2024","0","tests","test_network_parameters","TestPrecision","","","test_precision[Test for Ajuna]",""
"passed","Wed Apr 24 04:03:03 GMT 2024","Wed Apr 24 04:03:03 GMT 2024","0","tests","test_network_parameters","TestNetworkPrefix","","","test_address_prefix[Test for 3DPass]",""
"passed","Wed Apr 24 04:02:37 GMT 2024","Wed Apr 24 04:02:37 GMT 2024","0","tests","test_network_parameters","TestNetworkPrefix","","","test_address_prefix[Test for Integritee Parachain]",""
"passed","Wed Apr 24 04:02:54 GMT 2024","Wed Apr 24 04:02:54 GMT 2024","1","tests","test_network_parameters","TestChainId","","","test_chainId[Test for DAO IPCI]",""
"passed","Wed Apr 24 04:02:19 GMT 2024","Wed Apr 24 04:02:19 GMT 2024","0","tests","test_network_parameters","TestPrecision","","","test_precision[Test for Composable Finance]",""
"passed","Wed Apr 24 04:02:51 GMT 2024","Wed Apr 24 04:02:51 GMT 2024","0","tests","test_network_parameters","TestNetworkPrefix","","","test_address_prefix[Test for Myriad]",""
"passed","Wed Apr 24 04:01:23 GMT 2024","Wed Apr 24 04:01:23 GMT 2024","6","tests","test_check_new_assets","TestAssets","","","test_has_new_assets[Test for Basilisk]",""
"passed","Wed Apr 24 04:03:03 GMT 2024","Wed Apr 24 04:03:03 GMT 2024","5","tests","test_check_new_assets","TestAssets","","","test_has_new_assets[Test for Vara]",""
"passed","Wed Apr 24 04:01:07 GMT 2024","Wed Apr 24 04:01:07 GMT 2024","0","tests","test_nodes_availability","","","","test_can_create_connection[Test for Kusama, url: wss://rpc.ibp.network/kusama]",""
"passed","Wed Apr 24 04:03:20 GMT 2024","Wed Apr 24 04:03:20 GMT 2024","0","tests","test_network_parameters","TestPrecision","","","test_precision[Test for Dock]",""
"passed","Wed Apr 24 04:02:09 GMT 2024","Wed Apr 24 04:02:09 GMT 2024","0","tests","test_nodes_availability","","","","test_can_create_connection[Test for Khala, url: wss://khala.public.curie.radiumblock.co/ws]",""
"passed","Wed Apr 24 04:02:49 GMT 2024","Wed Apr 24 04:02:49 GMT 2024","0","tests","test_network_parameters","TestNetworkPrefix","","","test_address_prefix[Test for DAO IPCI]",""
"passed","Wed Apr 24 04:03:15 GMT 2024","Wed Apr 24 04:03:15 GMT 2024","8","tests","test_check_new_assets","TestAssets","","","test_has_new_assets[Test for Energy Web X]",""
"passed","Wed Apr 24 04:01:07 GMT 2024","Wed Apr 24 04:01:07 GMT 2024","64","tests","test_check_new_assets","TestAssets","","","test_has_new_assets[Test for Moonbeam]",""
"passed","Wed Apr 24 04:04:06 GMT 2024","Wed Apr 24 04:04:06 GMT 2024","0","tests","test_network_parameters","TestChainId","","","test_chainId[Test for Frequency]",""
"passed","Wed Apr 24 04:03:16 GMT 2024","Wed Apr 24 04:03:16 GMT 2024","0","tests","test_network_parameters","TestChainId","","","test_chainId[Test for Turing]",""
"passed","Wed Apr 24 04:02:51 GMT 2024","Wed Apr 24 04:02:51 GMT 2024","0","tests","test_network_parameters","TestPrecision","","","test_precision[Test for Pendulum]",""
"passed","Wed Apr 24 04:03:07 GMT 2024","Wed Apr 24 04:03:07 GMT 2024","8","tests","test_check_new_assets","TestAssets","","","test_has_new_assets[Test for Watr]",""
"passed","Wed Apr 24 04:07:00 GMT 2024","Wed Apr 24 04:07:00 GMT 2024","0","tests","test_nodes_availability","","","","test_can_create_connection[Test for Polkadot Collectives, url: wss://dot-rpc.stakeworld.io/collectives]",""
"passed","Wed Apr 24 04:02:12 GMT 2024","Wed Apr 24 04:02:12 GMT 2024","1","tests","test_network_parameters","TestChainId","","","test_chainId[Test for Astar]",""
"passed","Wed Apr 24 04:01:09 GMT 2024","Wed Apr 24 04:01:09 GMT 2024","0","tests","test_network_parameters","TestChainId","","","test_chainId[Test for Moonbeam]",""
"passed","Wed Apr 24 04:01:35 GMT 2024","Wed Apr 24 04:01:35 GMT 2024","0","tests","test_nodes_availability","","","","test_can_create_connection[Test for Polkadot, url: wss://1rpc.io/dot]",""
"passed","Wed Apr 24 04:03:16 GMT 2024","Wed Apr 24 04:03:16 GMT 2024","0","tests","test_nodes_availability","","","","test_can_create_connection[Test for Basilisk, url: wss://rpc.basilisk.cloud]",""
"passed","Wed Apr 24 04:02:40 GMT 2024","Wed Apr 24 04:02:40 GMT 2024","0","tests","test_network_parameters","TestNetworkPrefix","","","test_address_prefix[Test for Bajun]",""
"passed","Wed Apr 24 04:01:08 GMT 2024","Wed Apr 24 04:01:08 GMT 2024","0","tests","test_network_parameters","TestPrecision","","","test_precision[Test for Polkadot]",""
"passed","Wed Apr 24 04:02:18 GMT 2024","Wed Apr 24 04:02:18 GMT 2024","0","tests","test_network_parameters","TestPrecision","","","test_precision[Test for CLV Parachain]",""
"passed","Wed Apr 24 04:01:08 GMT 2024","Wed Apr 24 04:01:08 GMT 2024","1","tests","test_nodes_availability","","","","test_can_create_connection[Test for Kusama Asset Hub, url: wss://statemine-rpc.dwellir.com]",""
"passed","Wed Apr 24 04:03:10 GMT 2024","Wed Apr 24 04:03:10 GMT 2024","1","tests","test_network_parameters","TestNetworkPrefix","","","test_address_prefix[Test for Kusama Bridge Hub]",""
"passed","Wed Apr 24 04:03:03 GMT 2024","Wed Apr 24 04:03:03 GMT 2024","0","tests","test_network_parameters","TestPrecision","","","test_precision[Test for Turing]",""
"passed","Wed Apr 24 04:06:56 GMT 2024","Wed Apr 24 04:06:56 GMT 2024","0","tests","test_nodes_availability","","","","test_can_create_connection[Test for Polkadot Collectives, url: wss://sys.dotters.network/collectives-polkadot]",""
"passed","Wed Apr 24 04:04:49 GMT 2024","Wed Apr 24 04:04:49 GMT 2024","0","tests","test_nodes_availability","","","","test_can_create_connection[Test for Phala, url: wss://phala-rpc.dwellir.com]",""
"passed","Wed Apr 24 04:07:12 GMT 2024","Wed Apr 24 04:07:12 GMT 2024","0","tests","test_nodes_availability","","","","test_can_create_connection[Test for Dock, url: wss://mainnet-node.dock.io]",""
"passed","Wed Apr 24 04:01:12 GMT 2024","Wed Apr 24 04:01:12 GMT 2024","0","tests","test_network_parameters","TestNetworkPrefix","","","test_address_prefix[Test for Bit.Country Pioneer]",""
"passed","Wed Apr 24 04:03:17 GMT 2024","Wed Apr 24 04:03:17 GMT 2024","0","tests","test_network_parameters","TestPrecision","","","test_precision[Test for NeuroWeb]",""
"passed","Wed Apr 24 04:03:19 GMT 2024","Wed Apr 24 04:03:19 GMT 2024","0","tests","test_network_parameters","TestPrecision","","","test_precision[Test for Joystream]",""
"passed","Wed Apr 24 04:03:26 GMT 2024","Wed Apr 24 04:03:27 GMT 2024","43","tests","test_network_parameters","TestNetworkPrefix","","","test_address_prefix[Test for Watr]",""
"broken","Wed Apr 24 04:07:19 GMT 2024","Wed Apr 24 04:07:19 GMT 2024","0","tests","test_nodes_availability","","","","test_can_create_connection[Test for 3DPass, url: wss://rpc2.3dpass.org]",""
"passed","Wed Apr 24 04:03:20 GMT 2024","Wed Apr 24 04:03:20 GMT 2024","0","tests","test_network_parameters","TestChainId","","","test_chainId[Test for Polkadot Bridge Hub]",""
"passed","Wed Apr 24 04:01:10 GMT 2024","Wed Apr 24 04:01:10 GMT 2024","1","tests","test_network_parameters","TestNetworkPrefix","","","test_address_prefix[Test for Polkadot]",""
"passed","Wed Apr 24 04:07:43 GMT 2024","Wed Apr 24 04:07:43 GMT 2024","0","tests","test_nodes_availability","","","","test_can_create_connection[Test for Vara, url: wss://rpc.vara-network.io]",""
"passed","Wed Apr 24 04:06:21 GMT 2024","Wed Apr 24 04:06:21 GMT 2024","0","tests","test_nodes_availability","","","","test_can_create_connection[Test for XX network, url: wss://rpc.xx.network]",""
"passed","Wed Apr 24 04:05:56 GMT 2024","Wed Apr 24 04:05:56 GMT 2024","1","tests","test_nodes_availability","","","","test_can_create_connection[Test for Litentry, url: wss://litentry-rpc.dwellir.com]",""
"passed","Wed Apr 24 04:02:56 GMT 2024","Wed Apr 24 04:02:56 GMT 2024","9","tests","test_check_new_assets","TestAssets","","","test_has_new_assets[Test for Crust Polkadot Parachain]",""
"passed","Wed Apr 24 04:03:10 GMT 2024","Wed Apr 24 04:03:10 GMT 2024","0","tests","test_network_parameters","TestPrecision","","","test_precision[Test for Polkadot Collectives]",""
"passed","Wed Apr 24 04:01:13 GMT 2024","Wed Apr 24 04:01:14 GMT 2024","785","tests","test_eth_nodes_availability","TestETHNodesAvailability","","","test_rpc_node_is_synced[Test for Ethereum, url: https://eth-pokt.nodies.app]",""
"passed","Wed Apr 24 04:03:33 GMT 2024","Wed Apr 24 04:03:33 GMT 2024","0","tests","test_nodes_availability","","","","test_can_create_connection[Test for Interlay, url: wss://api.interlay.io/parachain]",""
"passed","Wed Apr 24 04:03:11 GMT 2024","Wed Apr 24 04:03:11 GMT 2024","6","tests","test_check_new_assets","TestAssets","","","test_has_new_assets[Test for GIANT]",""
"broken","Wed Apr 24 04:01:45 GMT 2024","Wed Apr 24 04:01:45 GMT 2024","0","tests","test_network_parameters","TestPrecision","","","test_precision[Test for Altair]",""
"passed","Wed Apr 24 04:02:29 GMT 2024","Wed Apr 24 04:02:29 GMT 2024","0","tests","test_network_parameters","TestChainId","","","test_chainId[Test for Encointer]",""
"passed","Wed Apr 24 04:02:46 GMT 2024","Wed Apr 24 04:02:46 GMT 2024","9","tests","test_check_new_assets","TestAssets","","","test_has_new_assets[Test for Myriad]",""
"passed","Wed Apr 24 04:04:23 GMT 2024","Wed Apr 24 04:04:23 GMT 2024","0","tests","test_nodes_availability","","","","test_can_create_connection[Test for Khala, url: wss://khala-api.phala.network/ws]",""
"passed","Wed Apr 24 04:01:46 GMT 2024","Wed Apr 24 04:01:46 GMT 2024","0","tests","test_nodes_availability","","","","test_can_create_connection[Test for Kusama, url: wss://kusama-rpc.dwellir.com]",""
"broken","Wed Apr 24 04:02:01 GMT 2024","Wed Apr 24 04:02:01 GMT 2024","0","tests","test_network_parameters","TestNetworkPrefix","","","test_address_prefix[Test for Karura]",""
"passed","Wed Apr 24 04:03:18 GMT 2024","Wed Apr 24 04:03:18 GMT 2024","0","tests","test_nodes_availability","","","","test_can_create_connection[Test for Zeitgeist, url: wss://zeitgeist-rpc.dwellir.com]",""
"passed","Wed Apr 24 04:03:25 GMT 2024","Wed Apr 24 04:03:25 GMT 2024","0","tests","test_network_parameters","TestPrecision","","","test_precision[Test for Continuum]",""
"passed","Wed Apr 24 04:01:09 GMT 2024","Wed Apr 24 04:01:09 GMT 2024","65","tests","test_check_new_assets","TestAssets","","","test_has_new_assets[Test for Polkadot]",""
"passed","Wed Apr 24 04:03:00 GMT 2024","Wed Apr 24 04:03:00 GMT 2024","0","tests","test_network_parameters","TestChainId","","","test_chainId[Test for Crust Polkadot Parachain]",""
"passed","Wed Apr 24 04:06:42 GMT 2024","Wed Apr 24 04:06:42 GMT 2024","1","tests","test_nodes_availability","","","","test_can_create_connection[Test for Bittensor, url: wss://entrypoint-finney.opentensor.ai:443]",""
"passed","Wed Apr 24 04:01:08 GMT 2024","Wed Apr 24 04:01:08 GMT 2024","0","tests","test_network_parameters","TestPrecision","","","test_precision[Test for Moonriver]",""
"passed","Wed Apr 24 04:06:14 GMT 2024","Wed Apr 24 04:06:14 GMT 2024","0","tests","test_nodes_availability","","","","test_can_create_connection[Test for Amplitude, url: wss://rpc-amplitude.pendulumchain.tech]",""
"passed","Wed Apr 24 04:01:13 GMT 2024","Wed Apr 24 04:01:15 GMT 2024","1424","tests","test_eth_nodes_availability","TestETHNodesAvailability","","","test_rpc_node_is_synced[Test for Ethereum, url: https://1rpc.io/eth]",""
"passed","Wed Apr 24 04:06:47 GMT 2024","Wed Apr 24 04:06:47 GMT 2024","0","tests","test_nodes_availability","","","","test_can_create_connection[Test for GIANT, url: wss://rpc-anchor-1-giant-mainnet-ue1.giantprotocol.org:443]",""
"passed","Wed Apr 24 04:03:46 GMT 2024","Wed Apr 24 04:03:46 GMT 2024","0","tests","test_network_parameters","TestChainId","","","test_chainId[Test for Curio]",""
"passed","Wed Apr 24 04:02:57 GMT 2024","Wed Apr 24 04:02:57 GMT 2024","0","tests","test_nodes_availability","","","","test_can_create_connection[Test for Encointer, url: wss://sys.ibp.network/encointer-kusama]",""
"passed","Wed Apr 24 04:02:37 GMT 2024","Wed Apr 24 04:02:37 GMT 2024","1","tests","test_network_parameters","TestPrecision","","","test_precision[Test for Tinkernet]",""
"passed","Wed Apr 24 04:02:58 GMT 2024","Wed Apr 24 04:02:58 GMT 2024","1","tests","test_network_parameters","TestNetworkPrefix","","","test_address_prefix[Test for Bittensor]",""
"passed","Wed Apr 24 04:03:13 GMT 2024","Wed Apr 24 04:03:13 GMT 2024","0","tests","test_network_parameters","TestPrecision","","","test_precision[Test for Enjin Matrix]",""
"passed","Wed Apr 24 04:02:39 GMT 2024","Wed Apr 24 04:02:39 GMT 2024","0","tests","test_network_parameters","TestPrecision","","","test_precision[Test for Amplitude]",""
"passed","Wed Apr 24 04:02:22 GMT 2024","Wed Apr 24 04:02:22 GMT 2024","0","tests","test_network_parameters","TestChainId","","","test_chainId[Test for CLV Parachain]",""
"passed","Wed Apr 24 04:03:02 GMT 2024","Wed Apr 24 04:03:02 GMT 2024","0","tests","test_nodes_availability","","","","test_can_create_connection[Test for Encointer, url: wss://api.kusama.encointer.org]",""
"passed","Wed Apr 24 04:01:26 GMT 2024","Wed Apr 24 04:01:26 GMT 2024","5","tests","test_check_new_assets","TestAssets","","","test_has_new_assets[Test for Zeitgeist]",""
"passed","Wed Apr 24 04:04:39 GMT 2024","Wed Apr 24 04:04:39 GMT 2024","0","tests","test_nodes_availability","","","","test_can_create_connection[Test for Integritee Parachain, url: wss://kusama.api.integritee.network]",""
"passed","Wed Apr 24 04:03:20 GMT 2024","Wed Apr 24 04:03:20 GMT 2024","5","tests","test_check_new_assets","TestAssets","","","test_has_new_assets[Test for Continuum]",""
"passed","Wed Apr 24 04:03:41 GMT 2024","Wed Apr 24 04:03:41 GMT 2024","0","tests","test_network_parameters","TestChainId","","","test_chainId[Test for Continuum]",""
"passed","Wed Apr 24 04:03:08 GMT 2024","Wed Apr 24 04:03:08 GMT 2024","0","tests","test_network_parameters","TestChainId","","","test_chainId[Test for Ajuna]",""
"passed","Wed Apr 24 04:02:59 GMT 2024","Wed Apr 24 04:02:59 GMT 2024","0","tests","test_nodes_availability","","","","test_can_create_connection[Test for Encointer, url: wss://sys.dotters.network/encointer-kusama]",""
"passed","Wed Apr 24 04:03:10 GMT 2024","Wed Apr 24 04:03:10 GMT 2024","0","tests","test_nodes_availability","","","","test_can_create_connection[Test for Picasso, url: wss://picasso-rpc.composable.finance]",""
"passed","Wed Apr 24 04:02:33 GMT 2024","Wed Apr 24 04:02:33 GMT 2024","0","tests","test_network_parameters","TestNetworkPrefix","","","test_address_prefix[Test for Crust Shadow]",""
"passed","Wed Apr 24 04:03:37 GMT 2024","Wed Apr 24 04:03:37 GMT 2024","0","tests","test_network_parameters","TestChainId","","","test_chainId[Test for Manta Atlantic]",""
"broken","Wed Apr 24 04:02:59 GMT 2024","Wed Apr 24 04:02:59 GMT 2024","0","tests","test_network_parameters","TestPrecision","","","test_precision[Test for Polkadex]",""
"passed","Wed Apr 24 04:02:48 GMT 2024","Wed Apr 24 04:02:48 GMT 2024","0","tests","test_network_parameters","TestNetworkPrefix","","","test_address_prefix[Test for Amplitude]",""
"broken","Wed Apr 24 04:03:22 GMT 2024","Wed Apr 24 04:03:22 GMT 2024","0","tests","test_network_parameters","TestNetworkPrefix","","","test_address_prefix[Test for krest]",""
"broken","Wed Apr 24 04:03:24 GMT 2024","Wed Apr 24 04:03:24 GMT 2024","0","tests","test_network_parameters","TestPrecision","","","test_precision[Test for krest]",""
"passed","Wed Apr 24 04:01:27 GMT 2024","Wed Apr 24 04:01:27 GMT 2024","1","tests","test_network_parameters","TestPrecision","","","test_precision[Test for Basilisk]",""
"passed","Wed Apr 24 04:03:41 GMT 2024","Wed Apr 24 04:03:41 GMT 2024","1","tests","test_network_parameters","TestChainId","","","test_chainId[Test for Watr]",""
"passed","Wed Apr 24 04:01:13 GMT 2024","Wed Apr 24 04:01:13 GMT 2024","540","tests","test_eth_nodes_availability","TestETHNodesAvailability","","","test_rpc_node_is_synced[Test for Ethereum, url: https://rpc.ankr.com/eth]",""
"passed","Wed Apr 24 04:01:08 GMT 2024","Wed Apr 24 04:01:08 GMT 2024","0","tests","test_nodes_availability","","","","test_can_create_connection[Test for Shiden, url: wss://shiden-rpc.dwellir.com]",""
"passed","Wed Apr 24 04:02:06 GMT 2024","Wed Apr 24 04:02:06 GMT 2024","0","tests","test_network_parameters","TestChainId","","","test_chainId[Test for Parallel Heiko]",""
"passed","Wed Apr 24 04:02:23 GMT 2024","Wed Apr 24 04:02:23 GMT 2024","0","tests","test_network_parameters","TestChainId","","","test_chainId[Test for Polkadot Asset Hub]",""
"broken","Wed Apr 24 04:02:02 GMT 2024","Wed Apr 24 04:02:02 GMT 2024","0","tests","test_network_parameters","TestChainId","","","test_chainId[Test for Karura]",""
"passed","Wed Apr 24 04:06:38 GMT 2024","Wed Apr 24 04:06:38 GMT 2024","0","tests","test_nodes_availability","","","","test_can_create_connection[Test for HydraDX, url: wss://hydradx-rpc.dwellir.com]",""
"broken","Wed Apr 24 04:01:51 GMT 2024","Wed Apr 24 04:01:51 GMT 2024","0","tests","test_network_parameters","TestPrecision","","","test_precision[Test for Acala]",""
"passed","Wed Apr 24 04:02:59 GMT 2024","Wed Apr 24 04:02:59 GMT 2024","8","tests","test_check_new_assets","TestAssets","","","test_has_new_assets[Test for Ajuna]",""
"broken","Wed Apr 24 04:02:32 GMT 2024","Wed Apr 24 04:02:32 GMT 2024","0","tests","test_network_parameters","TestNetworkPrefix","","","test_address_prefix[Test for Nodle Parachain]",""
"passed","Wed Apr 24 04:02:41 GMT 2024","Wed Apr 24 04:02:41 GMT 2024","1","tests","test_nodes_availability","","","","test_can_create_connection[Test for Acala, url: wss://acala-rpc-1.aca-api.network]",""
"passed","Wed Apr 24 04:03:18 GMT 2024","Wed Apr 24 04:03:18 GMT 2024","10","tests","test_check_new_assets","TestAssets","","","test_has_new_assets[Test for Enjin Relay]",""
"passed","Wed Apr 24 04:03:09 GMT 2024","Wed Apr 24 04:03:09 GMT 2024","0","tests","test_network_parameters","TestNetworkPrefix","","","test_address_prefix[Test for Polkadot Bridge Hub]",""
"broken","Wed Apr 24 04:01:47 GMT 2024","Wed Apr 24 04:01:47 GMT 2024","0","tests","test_network_parameters","TestNetworkPrefix","","","test_address_prefix[Test for Altair]",""
"passed","Wed Apr 24 04:02:15 GMT 2024","Wed Apr 24 04:02:15 GMT 2024","0","tests","test_network_parameters","TestPrecision","","","test_precision[Test for Aleph Zero]",""
"passed","Wed Apr 24 04:03:21 GMT 2024","Wed Apr 24 04:03:21 GMT 2024","1","tests","test_network_parameters","TestPrecision","","","test_precision[Test for Polimec]",""
"passed","Wed Apr 24 04:01:10 GMT 2024","Wed Apr 24 04:01:10 GMT 2024","0","tests","test_network_parameters","TestChainId","","","test_chainId[Test for Polkadot]",""
"passed","Wed Apr 24 04:02:35 GMT 2024","Wed Apr 24 04:02:35 GMT 2024","1","tests","test_network_parameters","TestChainId","","","test_chainId[Test for Kintsugi]",""
"passed","Wed Apr 24 04:02:18 GMT 2024","Wed Apr 24 04:02:18 GMT 2024","1","tests","test_nodes_availability","","","","test_can_create_connection[Test for Westend, url: wss://rpc.ibp.network/westend]",""
"passed","Wed Apr 24 04:07:00 GMT 2024","Wed Apr 24 04:07:00 GMT 2024","0","tests","test_nodes_availability","","","","test_can_create_connection[Test for Polkadot Bridge Hub, url: wss://dot-rpc.stakeworld.io/bridgehub]",""
"passed","Wed Apr 24 04:02:20 GMT 2024","Wed Apr 24 04:02:20 GMT 2024","0","tests","test_network_parameters","TestChainId","","","test_chainId[Test for Parallel]",""
"broken","Wed Apr 24 04:03:07 GMT 2024","Wed Apr 24 04:03:07 GMT 2024","0","tests","test_network_parameters","TestChainId","","","test_chainId[Test for Polkadex]",""
"passed","Wed Apr 24 04:01:18 GMT 2024","Wed Apr 24 04:01:18 GMT 2024","9","tests","test_check_new_assets","TestAssets","","","test_has_new_assets[Test for Kusama Asset Hub]",""
"passed","Wed Apr 24 04:01:30 GMT 2024","Wed Apr 24 04:01:30 GMT 2024","0","tests","test_network_parameters","TestPrecision","","","test_precision[Test for Zeitgeist]",""
"passed","Wed Apr 24 04:01:40 GMT 2024","Wed Apr 24 04:01:40 GMT 2024","0","tests","test_nodes_availability","","","","test_can_create_connection[Test for Polkadot, url: wss://rpc.ibp.network/polkadot]",""
"passed","Wed Apr 24 04:01:09 GMT 2024","Wed Apr 24 04:01:09 GMT 2024","1","tests","test_network_parameters","TestChainId","","","test_chainId[Test for QUARTZ]",""
"passed","Wed Apr 24 04:03:06 GMT 2024","Wed Apr 24 04:03:06 GMT 2024","6","tests","test_check_new_assets","TestAssets","","","test_has_new_assets[Test for Polkadot Bridge Hub]",""
"passed","Wed Apr 24 04:01:42 GMT 2024","Wed Apr 24 04:01:42 GMT 2024","6","tests","test_check_new_assets","TestAssets","","","test_has_new_assets[Test for Integritee Parachain]",""
"passed","Wed Apr 24 04:02:39 GMT 2024","Wed Apr 24 04:02:39 GMT 2024","0","tests","test_network_parameters","TestChainId","","","test_chainId[Test for Picasso]",""
"broken","Wed Apr 24 04:05:03 GMT 2024","Wed Apr 24 04:05:03 GMT 2024","0","tests","test_nodes_availability","","","","test_can_create_connection[Test for Phala, url: wss://phala.api.onfinality.io/public-ws]",""
"passed","Wed Apr 24 04:01:24 GMT 2024","Wed Apr 24 04:01:24 GMT 2024","0","tests","test_network_parameters","TestChainId","","","test_chainId[Test for Bifrost Kusama]",""
"broken","Wed Apr 24 04:02:50 GMT 2024","Wed Apr 24 04:02:50 GMT 2024","0","tests","test_nodes_availability","","","","test_can_create_connection[Test for Khala, url: wss://khala.api.onfinality.io/public-ws]",""
"broken","Wed Apr 24 04:02:52 GMT 2024","Wed Apr 24 04:02:52 GMT 2024","0","tests","test_network_parameters","TestChainId","","","test_chainId[Test for Nodle Parachain]",""
"passed","Wed Apr 24 04:01:59 GMT 2024","Wed Apr 24 04:01:59 GMT 2024","0","tests","test_network_parameters","TestPrecision","","","test_precision[Test for Interlay]",""
"passed","Wed Apr 24 04:03:01 GMT 2024","Wed Apr 24 04:03:01 GMT 2024","0","tests","test_nodes_availability","","","","test_can_create_connection[Test for Astar, url: wss://rpc.astar.network]",""
"passed","Wed Apr 24 04:03:06 GMT 2024","Wed Apr 24 04:03:06 GMT 2024","0","tests","test_network_parameters","TestPrecision","","","test_precision[Test for Polkadot Bridge Hub]",""
"passed","Wed Apr 24 04:02:39 GMT 2024","Wed Apr 24 04:02:39 GMT 2024","9","tests","test_check_new_assets","TestAssets","","","test_has_new_assets[Test for Bajun]",""
"passed","Wed Apr 24 04:01:12 GMT 2024","Wed Apr 24 04:01:12 GMT 2024","10","tests","test_check_new_assets","TestAssets","","","test_has_new_assets[Test for Bit.Country Pioneer]",""
"passed","Wed Apr 24 04:01:42 GMT 2024","Wed Apr 24 04:01:42 GMT 2024","0","tests","test_nodes_availability","","","","test_can_create_connection[Test for Polkadot, url: wss://rpc.dotters.network/polkadot]",""
"passed","Wed Apr 24 04:07:25 GMT 2024","Wed Apr 24 04:07:25 GMT 2024","0","tests","test_nodes_availability","","","","test_can_create_connection[Test for Enjin Relay, url: wss://enjin-relay-rpc.dwellir.com]",""
"passed","Wed Apr 24 04:01:19 GMT 2024","Wed Apr 24 04:01:19 GMT 2024","1","tests","test_network_parameters","TestChainId","","","test_chainId[Test for Shiden]",""
"broken","Wed Apr 24 04:03:15 GMT 2024","Wed Apr 24 04:03:15 GMT 2024","0","tests","test_check_new_assets","TestAssets","","","test_has_new_assets[Test for krest]",""
"passed","Wed Apr 24 04:01:41 GMT 2024","Wed Apr 24 04:01:41 GMT 2024","1","tests","test_network_parameters","TestChainId","","","test_chainId[Test for Subsocial]",""
"passed","Wed Apr 24 04:02:22 GMT 2024","Wed Apr 24 04:02:22 GMT 2024","0","tests","test_nodes_availability","","","","test_can_create_connection[Test for Moonriver, url: wss://wss.api.moonriver.moonbeam.network]",""
